"Disease1"	"Disease2"	"Disease3"	"Disease4"	"Disease5"	"Disease6"	"Disease7"	"Disease8"	"Disease9"	"Disease10"	"Disease11"	"Disease12"	"Disease13"	"Disease14"	"Disease15"	"Disease16"	"Disease17"	"Disease18"	"Disease19"	"Disease20"	"Disease21"	"Disease22"	"Disease23"	"Disease24"	"Disease25"	"Disease26"	"Disease27"	"Disease28"	"Disease29"	"Disease30"	"Disease31"	"Disease32"	"Disease33"	"Disease34"	"Control1"	"Control2"	"Control3"	"Control4"	"Control5"	"Control6"	"Control7"	"Control8"	"Control9"	"Control10"	"Control11"	"Control12"	"Control13"	"Control14"	"Control15"	"Control16"	"Control17"	"Control18"	"Control19"	"Control20"	"Control21"	"Control22"	"Control23"	"Control24"	"Control25"	"Control26"	"Control27"	"Control28"	"Control29"	"Control30"	"Control31"	"Control32"	"Control33"	"Control34"
"Disease1"	0	0.174384578663648	0.180888021640254	0.187866190359759	0.165703186627034	0.162736864691399	0.347897616108656	0.204794778523503	0.147265517562657	0.185581000707518	0.177939838120036	0.208994223748289	0.133993609682543	0.172938980266137	0.174138282903015	0.208241474381882	0.162602034957623	0.166371316353101	0.200830268985576	0.167760789277367	0.204875920654323	0.214761900798502	0.259791288173563	0.245927552422926	0.184645392916722	0.20854537031658	0.208009715819844	0.182010154311979	0.176956153296055	0.167816453977472	0.189216753579746	0.221767906472672	0.149439392459685	0.210847471641496	0.25085000089365	0.229176379594573	0.207613713087616	0.192339257247496	0.201525370145089	0.202284140415981	0.173023976168433	0.226343804333012	0.195929270076036	0.254097452630728	0.181184054369502	0.178058906249031	0.220063024525095	0.239145610127025	0.240562453451719	0.198058692947867	0.158181908952691	0.183274082141899	0.217960517637838	0.187144968828609	0.265602636773398	0.28866774504019	0.230303491682047	0.175650202264162	0.208494265484781	0.190774683823506	0.213787296481407	0.21423650102656	0.231553301463019	0.189028705992458	0.174228175681755	0.20515377397118	0.179301256275444	0.177981020332224
"Disease2"	0.174384578663648	0	0.151354904676891	0.163721903062978	0.164218884483508	0.138798916532803	0.39711564306489	0.150465118164348	0.144868877390981	0.153724837028151	0.134254807061564	0.184878351258247	0.154826286961056	0.164611902549609	0.189454308096536	0.173159723207043	0.182883383850288	0.157939652892352	0.182394347983943	0.142322656682587	0.144349594811658	0.148477006225144	0.168344528682907	0.164646321843058	0.165652735318052	0.166501191429457	0.143090595604855	0.147954600652121	0.108638787712033	0.132509099617089	0.166425485333324	0.135742498010337	0.165205778400735	0.168877867720991	0.240947101680977	0.161670832563952	0.146134486480493	0.150250700178211	0.177659418057543	0.179331150854276	0.146663945881792	0.164516903472984	0.130202579269679	0.171250593091891	0.180583349636373	0.159404798052435	0.140316330082176	0.16507640111377	0.186616091547608	0.173994450068175	0.132648763065133	0.116001592071068	0.181521104051499	0.164988155489568	0.172832095804801	0.220557438423742	0.162178928614554	0.128000644242608	0.163738439418646	0.146178583634715	0.149022142765365	0.16781727024699	0.138387660301683	0.120585198375759	0.141403224414016	0.16309959423707	0.141495725358855	0.161707797697964
"Disease3"	0.180888021640254	0.151354904676891	0	0.181922642136355	0.203438481704536	0.134378930582173	0.374982535336956	0.151998501375724	0.143167951066417	0.15945270913281	0.150143993824463	0.179810335606697	0.12671243899281	0.154654273805144	0.152828690125778	0.203489963562702	0.162177773201597	0.166420485483707	0.173038055425466	0.146053792193147	0.168878817572579	0.155810197021691	0.219728749747713	0.209408723048442	0.17255539203188	0.17084291825702	0.194893625421652	0.167247961896305	0.156057151955421	0.145388194854607	0.143016942814038	0.191593307546928	0.193748064808593	0.175064561583045	0.207730863963036	0.20407879905006	0.191434618245007	0.19803580959219	0.166580946426803	0.198965465471804	0.138012100851502	0.205532123728951	0.167817327259503	0.198199601628707	0.175915825587385	0.170402948724506	0.18066841126924	0.226905655474111	0.159549939394215	0.183066321384564	0.164777739930954	0.151609296610196	0.198240518495309	0.175677146849228	0.23766664351873	0.201603352969548	0.216790356747407	0.146408945293091	0.199766663251169	0.193438647329793	0.18632121346967	0.225770670396499	0.198393200109797	0.135735959338439	0.19357802570448	0.181768765497603	0.165402525739003	0.166510648899414
"Disease4"	0.187866190359759	0.163721903062978	0.181922642136355	0	0.15675135798638	0.13880790909703	0.434436129099746	0.113652140074898	0.155320004766781	0.160702132368238	0.108686580855096	0.154506978428635	0.161472007257937	0.150099506548264	0.157390516871538	0.177441481767792	0.140577523251865	0.176189375784484	0.199320909953537	0.165339666758691	0.165453354671508	0.133562613416393	0.175099149581825	0.176004178086543	0.191032295713859	0.16670847790165	0.148101769100169	0.161486027373386	0.145171893481176	0.163602043923713	0.168055913605377	0.161616848858777	0.198738582075423	0.190734292348958	0.193614445198718	0.165773684809336	0.143771094667351	0.172360710746867	0.178831131456394	0.138439713112677	0.167503849761067	0.184405132983258	0.158240217835255	0.190940130673915	0.186218829253376	0.177893341443155	0.153638642949852	0.188902139988348	0.175540112500757	0.150022050990454	0.15872863246122	0.150885088592965	0.150904411626122	0.165773181884846	0.183730928262422	0.237632669008683	0.201784376907447	0.166791470444644	0.172454199545731	0.163207966889488	0.158001316384869	0.172065700044186	0.176561445414324	0.144581536120292	0.164888683784215	0.179173824193635	0.13693775971962	0.173289048772985
"Disease5"	0.165703186627034	0.164218884483508	0.203438481704536	0.15675135798638	0	0.137426829454651	0.4076913039067	0.167089805066601	0.213289959976756	0.188842381606043	0.176112663247374	0.21038503219472	0.167538636558801	0.177103011104702	0.200881859704382	0.203637718381785	0.151789122498992	0.20249105374426	0.242240280104428	0.186781765029144	0.211037667727153	0.200354628398581	0.233137758531923	0.188387203361189	0.183630446558816	0.193820401825971	0.189554125758726	0.206766458606609	0.151474524895041	0.197919299461915	0.202996528815141	0.18885416277373	0.184759751699652	0.229192378108922	0.261768415005042	0.182982829013702	0.183214557811221	0.147553669133659	0.2309675580985	0.159919240308365	0.201490163289154	0.169017966592512	0.165326349217952	0.231987202788104	0.178964196116608	0.159536406703375	0.203071016640515	0.206277104836417	0.232614643817138	0.191328526050874	0.208827416214752	0.177672198571325	0.200092085012448	0.168392102798437	0.213925496732913	0.270367487260041	0.186099619280604	0.168072686388089	0.181740918753956	0.161937801501881	0.18721909857128	0.177978914986713	0.173998519043439	0.180029520877085	0.201242847607026	0.198236424272104	0.140676359607295	0.162913600031095
"Disease6"	0.162736864691399	0.138798916532803	0.134378930582173	0.13880790909703	0.137426829454651	0	0.379006438408605	0.133060329580721	0.158088616040949	0.16732335934001	0.132424194712449	0.17861898000555	0.110959754475773	0.126674754104263	0.143161857244315	0.188203091271403	0.11713032106851	0.158393846125076	0.168128641320034	0.13477881680093	0.166931067977997	0.1484206487126	0.215372623452544	0.182429140277633	0.150307437178813	0.14676919357833	0.153114255653073	0.161211167742408	0.115227186771824	0.155178814903932	0.160684483015333	0.161285892893923	0.160054927291254	0.177336908145029	0.234998734101545	0.173175376457816	0.157321896528977	0.13692961546527	0.166141243410244	0.150525905966821	0.136436208505808	0.150925311152215	0.12985541354046	0.18596576589241	0.156023702255061	0.128158801833738	0.162374051488526	0.187168046115597	0.163530788345513	0.168551153648461	0.158834055915385	0.131622878768558	0.190121624795972	0.172616196636776	0.20135531194531	0.217663264649925	0.160031360202759	0.111830180204564	0.139314373942155	0.121724915684212	0.129352383203287	0.165769323295004	0.17673979699174	0.150629300972319	0.172635517795745	0.157539441592322	0.114478818977132	0.132444766415838
"Disease7"	0.347897616108656	0.39711564306489	0.374982535336956	0.434436129099746	0.4076913039067	0.379006438408605	0	0.46132823762811	0.384158581390517	0.431987190932301	0.419881786082649	0.445165798171617	0.374555488093477	0.394165039500019	0.340116025328659	0.434178807093248	0.389230028391385	0.37427386402403	0.374740044117509	0.378337244770967	0.435155435376228	0.394848224453224	0.464641587980102	0.426654236166729	0.353153243799721	0.39198706632571	0.443147987648279	0.393230921894537	0.406304019563514	0.386630429028418	0.430115076254952	0.452970127210109	0.391701224924295	0.411639392736808	0.439313188397438	0.414951951850736	0.434791115653119	0.40704464269752	0.386747431609521	0.417357305536306	0.359363589307073	0.394633366044241	0.425077075978252	0.457825100791505	0.375079651502556	0.374821329423047	0.433096861266546	0.43233880745541	0.402114327481444	0.395009904198121	0.40656682673385	0.380925045499971	0.443740193292759	0.423068131069399	0.496890445996958	0.387107871378962	0.4216858478912	0.373008024017562	0.395865104096958	0.406323384113377	0.418824631997187	0.420578440053357	0.440182013659409	0.412523203983437	0.423755116988771	0.407925388816956	0.380092361885718	0.389260025285167
"Disease8"	0.204794778523503	0.150465118164348	0.151998501375724	0.113652140074898	0.167089805066601	0.133060329580721	0.46132823762811	0	0.161373047143058	0.142757663641596	0.114388316472708	0.13463857192216	0.142394717447082	0.151044405733362	0.162329328367599	0.181892000009916	0.147884946791666	0.180107367691433	0.204201807182935	0.154049037193542	0.146937134181174	0.152281021641896	0.193074150408339	0.175595705547199	0.185409908186477	0.179645643955832	0.139383757661842	0.17206013107234	0.131702548234852	0.161527678350523	0.133072342754623	0.134868838007475	0.203162401697848	0.1821830098303	0.207906068604646	0.182130786082794	0.153431232581755	0.173217811006865	0.177827029776144	0.157323307643838	0.182342821742181	0.195219101502386	0.131522228320542	0.154601461909412	0.196419056351165	0.181544414402686	0.156662303194653	0.202247761942738	0.181164989443319	0.180322159048831	0.141600897032354	0.163255989201334	0.153923732148035	0.163587165595148	0.176730549287376	0.220138676601936	0.192607959909181	0.163334157590221	0.189790398168043	0.157983902184921	0.153557897573643	0.173525253580578	0.159807027172377	0.134303955204258	0.167518617703459	0.176837939789282	0.154876355717384	0.16247475097732
"Disease9"	0.147265517562657	0.144868877390981	0.143167951066417	0.155320004766781	0.213289959976756	0.158088616040949	0.384158581390517	0.161373047143058	0	0.12592112658332	0.114681166018604	0.171346913951197	0.124420352561335	0.136135809965449	0.135297666685379	0.196320283398368	0.178529629884744	0.130764230613919	0.136714062322716	0.120806229703275	0.142918012405664	0.157972525896017	0.209201253113355	0.202195664881121	0.189988877946635	0.179929555678665	0.182241774140919	0.134689515507996	0.145632493175305	0.133384764019556	0.170907498091983	0.189131849779067	0.154951658162143	0.14847701173149	0.199512520577291	0.186300095894799	0.170606795101758	0.19559159340941	0.133720881480978	0.173276279686371	0.139538672623177	0.213410467810895	0.175140484930366	0.206662351282161	0.205878327264467	0.173402965062298	0.186025995623534	0.22684764237061	0.189989625067448	0.181943656038313	0.118888144903562	0.138822030015031	0.174573520502849	0.178825457222257	0.232676521335896	0.243502253729442	0.228554682233066	0.1655139744993	0.196386792210319	0.191994321863379	0.174879873065625	0.216576375117949	0.205481072299681	0.142782009204297	0.136064698539081	0.195359280108998	0.172789833359764	0.201735868707989
"Disease10"	0.185581000707518	0.153724837028151	0.15945270913281	0.160702132368238	0.188842381606043	0.16732335934001	0.431987190932301	0.142757663641596	0.12592112658332	0	0.117259968158294	0.159272643231679	0.168075172544569	0.146335762919756	0.161511549300544	0.198689296300906	0.209036069683278	0.166768471438247	0.184140128329138	0.144349182688494	0.144313026200381	0.167223953101603	0.198834348837567	0.179857196803841	0.222187057475786	0.189766201800236	0.195965291097876	0.155732496326401	0.147194810976093	0.139087697236022	0.156814450271573	0.172914623722353	0.203015138038723	0.139049462312561	0.211211296338459	0.17439633069397	0.174895280619689	0.204498858165842	0.182850742093256	0.193948398440392	0.160154131648819	0.219799818873711	0.189150295637807	0.197297230146955	0.189008142706903	0.188678883065321	0.182787356532006	0.213694596342098	0.189875576153576	0.183374906439275	0.140105077968587	0.15885208759857	0.152859809364444	0.145401235108737	0.216291007364818	0.225772399903114	0.223847668784324	0.175040714228158	0.215674987406032	0.197592533691906	0.190899378484356	0.231263131303817	0.183231074385139	0.144496333881047	0.190864338805105	0.216008759474533	0.190136893544326	0.210998495155928
"Disease11"	0.177939838120036	0.134254807061564	0.150143993824463	0.108686580855096	0.176112663247374	0.132424194712449	0.419881786082649	0.114388316472708	0.114681166018604	0.117259968158294	0	0.135410557899172	0.14356111847128	0.112819372740657	0.152882169534264	0.162539213290654	0.159035665023115	0.146896110732771	0.167221375118688	0.13258158850896	0.116356295760831	0.141440818655735	0.18323223435941	0.157709117800122	0.176659451782743	0.172350946964287	0.14133025819173	0.139156603374347	0.112869506575742	0.136846062838792	0.163273691204083	0.131234116937612	0.164847564571272	0.136534274778824	0.190843522864641	0.151982058761212	0.132830769575768	0.161871262771837	0.156315548972659	0.162768974180251	0.147462410040573	0.184890833090723	0.147502437855322	0.156834578726812	0.199388225918752	0.162207769258781	0.15804976143036	0.19340606553312	0.172428155392876	0.168772856078807	0.133140270013832	0.130451244274354	0.137059899229368	0.172036129613709	0.173277506294202	0.220759726624664	0.200646643952438	0.148746537278921	0.169976254417877	0.159023127352241	0.164777071725919	0.179981841287308	0.16156236781045	0.133423399447456	0.148377338766582	0.176243044369147	0.136144403064395	0.176934905096991
"Disease12"	0.208994223748289	0.184878351258247	0.179810335606697	0.154506978428635	0.21038503219472	0.17861898000555	0.445165798171617	0.13463857192216	0.171346913951197	0.159272643231679	0.135410557899172	0	0.184648782866846	0.148569538367664	0.164439142491553	0.162504952338256	0.202914414786799	0.16998620211622	0.213055687034774	0.163166397319821	0.16317322344468	0.170319118673716	0.202661489600919	0.172317991179406	0.218726671669258	0.191274889339389	0.163696054247305	0.154969767419723	0.159988024443723	0.19399822324104	0.156366159864677	0.150105991121837	0.208071163244498	0.162972882623865	0.179400857492246	0.167368245738385	0.15346211956639	0.192897065362209	0.17328249011581	0.200338704957654	0.18508836344532	0.203143591066742	0.172524504130889	0.17186230142661	0.221040669785323	0.204524804679621	0.158834862943145	0.196489282201791	0.188717372080119	0.194978215323774	0.178144502320749	0.176351777309776	0.147492683185672	0.174169275631228	0.182001680450955	0.201963195688335	0.222433540231432	0.177527072447202	0.200187773274253	0.186922533351659	0.206522153903995	0.201632284785584	0.170233463807664	0.181703376852187	0.170950185044354	0.198413739833018	0.178901076459425	0.182271403930282
"Disease13"	0.133993609682543	0.154826286961056	0.12671243899281	0.161472007257937	0.167538636558801	0.110959754475773	0.374555488093477	0.142394717447082	0.124420352561335	0.168075172544569	0.14356111847128	0.184648782866846	0	0.14613906134666	0.147846446933956	0.210031905028531	0.125013395808854	0.148549906257376	0.19125234579987	0.152805075086602	0.167892208812921	0.186954776726686	0.251569962135437	0.224650347614174	0.160161535226164	0.181582652443219	0.174008085391526	0.183607786137602	0.144188668218496	0.160738615868101	0.150341863971198	0.184577743009269	0.175102390417684	0.169757751514817	0.246465058034567	0.212198040268094	0.184422902739752	0.154505337142852	0.184739569067594	0.152567203677254	0.154819265838305	0.210886559039549	0.152814815664673	0.209170854467085	0.17716418599214	0.158500456219627	0.189973325684084	0.230176411168752	0.195046891109124	0.187573985652541	0.151763126186824	0.156971089832875	0.210142013664216	0.202295784919852	0.231816798620281	0.244243487599777	0.207627759987333	0.14275982631637	0.192308678563959	0.166767685197411	0.14631191181623	0.198184784108837	0.218227265029121	0.160922607893062	0.17540952240329	0.176169722318107	0.143803404475232	0.159749559409662
"Disease14"	0.172938980266137	0.164611902549609	0.154654273805144	0.150099506548264	0.177103011104702	0.126674754104263	0.394165039500019	0.151044405733362	0.136135809965449	0.146335762919756	0.112819372740657	0.148569538367664	0.14613906134666	0	0.135258404785715	0.166002181347753	0.156878347771126	0.161298006490168	0.162034303238949	0.125082084197328	0.151190636848188	0.145714357356844	0.207481601300318	0.147218134107843	0.187538350455555	0.164896403052728	0.147081721323931	0.14327629862239	0.120226165404485	0.17090184463128	0.149513536466121	0.137581637454912	0.175769430838232	0.149627781661203	0.195602067212202	0.13686352820255	0.131497286384257	0.161443552884263	0.149139994636685	0.156835688456643	0.141354991156279	0.168396403814065	0.174720837397003	0.179506694009825	0.164376202300766	0.162215146875319	0.173634078857679	0.205850609179486	0.167292718110431	0.184389498705321	0.147087184052998	0.157067949099475	0.157181682588516	0.174774468838286	0.177310218978152	0.19945431618069	0.186133798358033	0.140311041804654	0.158645800534792	0.146670594636486	0.174692994063711	0.195680115272415	0.16352126400041	0.176246377265875	0.163335580816548	0.176606945583003	0.169742310586178	0.175492919127678
"Disease15"	0.174138282903015	0.189454308096536	0.152828690125778	0.157390516871538	0.200881859704382	0.143161857244315	0.340116025328659	0.162329328367599	0.135297666685379	0.161511549300544	0.152882169534264	0.164439142491553	0.147846446933956	0.135258404785715	0	0.199819166919	0.157803279355636	0.134982540512115	0.1597156836529	0.131685475400395	0.185223337849372	0.167869022422782	0.226028702225765	0.194071480492717	0.199026126277052	0.192365179265648	0.174665887137006	0.157628020957329	0.153409437724048	0.170668815612443	0.172472283964711	0.186536141787907	0.176277132283825	0.170346056448497	0.218525881181566	0.178085727614049	0.169474012990887	0.198515403696815	0.165344947947355	0.16753224041652	0.136360120171222	0.206456613016384	0.181999847911336	0.211844720441759	0.189574858026537	0.174102604687604	0.200741902214626	0.227682189760395	0.185684335385208	0.192059891182166	0.169607012918237	0.155513434798669	0.174933384676848	0.199052882053552	0.22016205454624	0.220068584786547	0.228574800554628	0.159127338195115	0.190292793310249	0.188196576277487	0.17004569054712	0.213222613354122	0.206734764809835	0.171754685307793	0.166586072790689	0.207943827055106	0.163516736923748	0.19923963351036
"Disease16"	0.208241474381882	0.173159723207043	0.203489963562702	0.177441481767792	0.203637718381785	0.188203091271403	0.434178807093248	0.181892000009916	0.196320283398368	0.198689296300906	0.162539213290654	0.162504952338256	0.210031905028531	0.166002181347753	0.199819166919	0	0.219651965906553	0.173843287663045	0.200534833146461	0.181989215912605	0.136708023549594	0.197654234523413	0.178626235149039	0.165903913522933	0.208139711024852	0.221659901478856	0.166977849367637	0.153677558900059	0.154519278966563	0.204588134551891	0.212087224705984	0.162686554202747	0.20256137860476	0.200708458368807	0.213922517398818	0.189216159856518	0.184423596623877	0.208284094791222	0.185867260664814	0.221151530601677	0.187317911489474	0.215101787842453	0.169850294940758	0.197003456013227	0.209237392713046	0.198097417124326	0.195337581594898	0.20518677980898	0.250243507256248	0.197450249845299	0.184433363182855	0.168281049750302	0.168291840129212	0.179304995366491	0.177088754762013	0.232300597740893	0.208629610441114	0.177465753328824	0.204209304786894	0.181673879217828	0.215966607445793	0.212679970337141	0.148745394129549	0.160822630400368	0.16986799518554	0.224654812773237	0.198619717275921	0.215619064665685
"Disease17"	0.162602034957623	0.182883383850288	0.162177773201597	0.140577523251865	0.151789122498992	0.11713032106851	0.389230028391385	0.147884946791666	0.178529629884744	0.209036069683278	0.159035665023115	0.202914414786799	0.125013395808854	0.156878347771126	0.157803279355636	0.219651965906553	0	0.167052882768914	0.207170793070512	0.175716429857962	0.183248606164463	0.176456803089564	0.24396118431428	0.211049176349091	0.147043463901479	0.177307947632307	0.16162074299017	0.19379606363555	0.164783398665825	0.188586281741892	0.182284487120312	0.187098795436269	0.174777563499361	0.215556037786278	0.23996735159892	0.206061695715002	0.165324164558617	0.153236727499285	0.194195331114073	0.129241140517075	0.175674887053935	0.187811563452782	0.15617566078844	0.227668982650784	0.18251181118613	0.158972148115623	0.181589476663672	0.217226285458976	0.205689798860636	0.177656448235522	0.181115137968526	0.169652496068594	0.206608090009436	0.201560296471129	0.222477107170563	0.244618373700124	0.187302641525094	0.151517879219237	0.164955493011127	0.157521373880351	0.172603118932391	0.174470766374896	0.209805731881188	0.186332476450335	0.185484217400162	0.163306142338746	0.120824736427151	0.145643080459587
"Disease18"	0.166371316353101	0.157939652892352	0.166420485483707	0.176189375784484	0.20249105374426	0.158393846125076	0.37427386402403	0.180107367691433	0.130764230613919	0.166768471438247	0.146896110732771	0.16998620211622	0.148549906257376	0.161298006490168	0.134982540512115	0.173843287663045	0.167052882768914	0	0.160192249592294	0.141916574974206	0.164008910104749	0.179702377852561	0.213923317538223	0.196349488200544	0.168877606495337	0.172919194626673	0.173950683343508	0.147081241815713	0.155946247161923	0.170507671545402	0.20789899894076	0.193626566473097	0.153850292216376	0.173393738033059	0.219556934949476	0.189237513927891	0.172461972460534	0.191257854968618	0.152690453355401	0.195186063212843	0.147062443662924	0.183033978495462	0.157878249053577	0.211172846744683	0.205474274462817	0.170458213155131	0.178491990064174	0.196407833158704	0.195530566688303	0.165109926284497	0.158806853474032	0.130356967791065	0.185201157025472	0.19631516641387	0.22722784324054	0.239626314311163	0.196745335807273	0.154682189579834	0.182514145965842	0.179177044297147	0.198008498258465	0.192823011729781	0.185569511489822	0.151962720806957	0.160143265776697	0.187847098367301	0.153751283524358	0.190153295657007
"Disease19"	0.200830268985576	0.182394347983943	0.173038055425466	0.199320909953537	0.242240280104428	0.168128641320034	0.374740044117509	0.204201807182935	0.136714062322716	0.184140128329138	0.167221375118688	0.213055687034774	0.19125234579987	0.162034303238949	0.1597156836529	0.200534833146461	0.207170793070512	0.160192249592294	0	0.119141889497182	0.182102745279867	0.153068958410468	0.207161194627027	0.205564839113009	0.19472221371222	0.150959886308356	0.212033306253416	0.118087864409669	0.161235629123328	0.141552221615877	0.213492917543084	0.211694984284137	0.16691830480237	0.177300399017094	0.203236243695183	0.191519545711825	0.202314312032592	0.235486763843584	0.0990230344945054	0.208105085155126	0.12375001479634	0.208034437960381	0.182542185974547	0.226874465143971	0.184484245678311	0.16866415971793	0.189963620350796	0.224766995305871	0.180721982805214	0.188069552780289	0.17602349608518	0.13428308968885	0.205116352805331	0.207151612706315	0.238827702007607	0.242959736925527	0.227818494388438	0.162853695060663	0.186930816819954	0.193933206364334	0.185400478968762	0.217750846084704	0.211705133947909	0.173264879844281	0.175629343800894	0.210470554681549	0.194617930941972	0.204280873851579
"Disease20"	0.167760789277367	0.142322656682587	0.146053792193147	0.165339666758691	0.186781765029144	0.13477881680093	0.378337244770967	0.154049037193542	0.120806229703275	0.144349182688494	0.13258158850896	0.163166397319821	0.152805075086602	0.125082084197328	0.131685475400395	0.181989215912605	0.175716429857962	0.141916574974206	0.119141889497182	0	0.151725456459091	0.147005203095709	0.200852340013651	0.168724050829509	0.18086341968705	0.154130404501956	0.165589973632463	0.126929940905648	0.114826109660427	0.111012514638904	0.169808670588588	0.177872649084031	0.145552685254051	0.137719865125483	0.208483813037557	0.14555083470083	0.169319849674582	0.189239949580473	0.144844084489166	0.182813692597352	0.117825215057265	0.174823539284915	0.150022476499251	0.192050047465298	0.179282839838738	0.132529587579095	0.168965654167487	0.196825332032853	0.184543747312682	0.189664387605921	0.128795698138253	0.111663392432722	0.155101783359565	0.171053307982096	0.201754062904069	0.220596177079491	0.200874382499844	0.135351877823944	0.156675077771538	0.161730665522606	0.141845995813649	0.190451475611562	0.175644692161412	0.140032058104366	0.150033270025374	0.190336230639742	0.161925438742042	0.182171514779999
"Disease21"	0.204875920654323	0.144349594811658	0.168878817572579	0.165453354671508	0.211037667727153	0.166931067977997	0.435155435376228	0.146937134181174	0.142918012405664	0.144313026200381	0.116356295760831	0.16317322344468	0.167892208812921	0.151190636848188	0.185223337849372	0.136708023549594	0.183248606164463	0.164008910104749	0.182102745279867	0.151725456459091	0	0.161226362052791	0.189198018892766	0.174527998139943	0.173042770136244	0.189080751163375	0.163396380646678	0.161858381147485	0.132034728573644	0.160217439735454	0.163777492592825	0.14308909555274	0.203179757139419	0.155745748086162	0.205702117207502	0.185153689894507	0.161562749048048	0.193937002855225	0.182172375957193	0.194524644292337	0.173144820599077	0.209159369251384	0.136600195691216	0.169594066702927	0.207966625569093	0.179054175947692	0.181214750335882	0.219436530177579	0.212589966709637	0.186416678221643	0.132468906353473	0.141552425368675	0.156230037895968	0.165509612420112	0.194376341190758	0.20037804412529	0.19846740237133	0.156802992130519	0.194312484519653	0.179437659694741	0.195690922697213	0.188744704843232	0.161578279415692	0.140248137829302	0.180164242480145	0.193210323048319	0.178920473333818	0.186169937539665
"Disease22"	0.214761900798502	0.148477006225144	0.155810197021691	0.133562613416393	0.200354628398581	0.1484206487126	0.394848224453224	0.152281021641896	0.157972525896017	0.167223953101603	0.141440818655735	0.170319118673716	0.186954776726686	0.145714357356844	0.167869022422782	0.197654234523413	0.176456803089564	0.179702377852561	0.153068958410468	0.147005203095709	0.161226362052791	0	0.13281090772499	0.124174361836937	0.159837167197683	0.106705251509064	0.156110011408514	0.135316919988445	0.130126080414462	0.130358229418588	0.145763636029445	0.156642081460296	0.200459671727911	0.169575266417743	0.184370042320317	0.148630102347804	0.126034174601937	0.191902730004697	0.133752249090096	0.16153074489408	0.125300135930211	0.140634380270973	0.126321335430463	0.153597115954189	0.132794006961443	0.135272154827616	0.0865199720418097	0.123929963086187	0.101998924473929	0.123072285293319	0.155913656374637	0.106341305620362	0.135842011315655	0.15128524470384	0.184652821493389	0.171874537415555	0.152037303193573	0.125711462274173	0.142788234096956	0.133590487195629	0.161542561739504	0.134704383893717	0.141565969050153	0.146591212532673	0.191128370714042	0.128334877353369	0.158650308515664	0.132793421240607
"Disease23"	0.259791288173563	0.168344528682907	0.219728749747713	0.175099149581825	0.233137758531923	0.215372623452544	0.464641587980102	0.193074150408339	0.209201253113355	0.198834348837567	0.18323223435941	0.202661489600919	0.251569962135437	0.207481601300318	0.226028702225765	0.178626235149039	0.24396118431428	0.213923317538223	0.207161194627027	0.200852340013651	0.189198018892766	0.13281090772499	0	0.151641711077323	0.189266955628908	0.14827589455754	0.154715135293827	0.15898011308476	0.163917985868648	0.186559377595867	0.193613115102269	0.154406446007496	0.244097650134393	0.229107505842519	0.222553139908824	0.184108212421651	0.164123170870173	0.235197707754675	0.165971090629061	0.219116576228799	0.170606645863115	0.159843876954854	0.160944740922407	0.156346805361258	0.167700683841118	0.189860077066811	0.127659681292324	0.142385888058745	0.174673048455461	0.134062803248764	0.193331198273436	0.152506652707986	0.173696450792447	0.189293044575128	0.155099058314749	0.22052734746339	0.165665263851369	0.17356527128625	0.159820312318943	0.164094585590669	0.211241025627207	0.162214021918584	0.132089199953791	0.152263885111811	0.218183281110343	0.173974974762734	0.180174818888004	0.180168402525784
"Disease24"	0.245927552422926	0.164646321843058	0.209408723048442	0.176004178086543	0.188387203361189	0.182429140277633	0.426654236166729	0.175595705547199	0.202195664881121	0.179857196803841	0.157709117800122	0.172317991179406	0.224650347614174	0.147218134107843	0.194071480492717	0.165903913522933	0.211049176349091	0.196349488200544	0.205564839113009	0.168724050829509	0.174527998139943	0.124174361836937	0.151641711077323	0	0.189328412694281	0.151046127012123	0.160647087572824	0.158325216617572	0.133144022811786	0.180358414938713	0.178595756432007	0.133883256570617	0.215708515996551	0.186263952390796	0.198839022027862	0.123712180375529	0.113048587420634	0.19162987345831	0.171048301193538	0.189498996603885	0.172562309088914	0.128378526503694	0.160784462586668	0.15687780370483	0.182542584081371	0.175574215862462	0.123457681449825	0.118732763154885	0.162276842007526	0.149846439964665	0.1754580211653	0.14394466150201	0.131580849481055	0.171908715983245	0.150630719627677	0.17178235646239	0.130648318557371	0.152246409191773	0.15635230652025	0.141272005922314	0.193151953970268	0.146925099137829	0.102791852780543	0.177499875684566	0.205049039947065	0.143863150192686	0.168307059386368	0.160825395594907
"Disease25"	0.184645392916722	0.165652735318052	0.17255539203188	0.191032295713859	0.183630446558816	0.150307437178813	0.353153243799721	0.185409908186477	0.189988877946635	0.222187057475786	0.176659451782743	0.218726671669258	0.160161535226164	0.187538350455555	0.199026126277052	0.208139711024852	0.147043463901479	0.168877606495337	0.19472221371222	0.18086341968705	0.173042770136244	0.159837167197683	0.189266955628908	0.189328412694281	0	0.143775872016857	0.180499860794177	0.176017990996985	0.153018504090531	0.184248248110922	0.169023570217475	0.188038971795378	0.201146353978411	0.219576971520585	0.252635939184196	0.205972869630809	0.181701558076492	0.182713373663014	0.161166120991941	0.154248433826832	0.168455839458367	0.148885948016874	0.124027468939155	0.19137655285918	0.157004315405436	0.123461806294696	0.160388917843608	0.182223740074873	0.187072757664552	0.128928062899736	0.181636330997162	0.126083663344162	0.213110494643432	0.199122147931151	0.221805420342205	0.238374021765891	0.158798383877795	0.130478068687041	0.131475689673489	0.123904637282667	0.178617974010553	0.129506491905634	0.185461319040251	0.163017058758719	0.227060019751887	0.12913641174797	0.116453711433432	0.110400596067112
"Disease26"	0.20854537031658	0.166501191429457	0.17084291825702	0.16670847790165	0.193820401825971	0.14676919357833	0.39198706632571	0.179645643955832	0.179929555678665	0.189766201800236	0.172350946964287	0.191274889339389	0.181582652443219	0.164896403052728	0.192365179265648	0.221659901478856	0.177307947632307	0.172919194626673	0.150959886308356	0.154130404501956	0.189080751163375	0.106705251509064	0.14827589455754	0.151046127012123	0.143775872016857	0	0.169202320634535	0.152248698280974	0.156897236274844	0.156380795941431	0.160862528268807	0.163665898457802	0.195022346850352	0.192835615398467	0.216027052480614	0.158800323788731	0.150479539047798	0.193587846991534	0.133442920040836	0.167581217528521	0.134480033374702	0.113797456011228	0.142030073968945	0.168310814805402	0.123167157244253	0.133532449898271	0.122830401348015	0.13771398882829	0.121766952025011	0.103426411135131	0.177015748318712	0.126142606296377	0.187558792670471	0.170476363517843	0.201098901780727	0.200073762839931	0.140707729382816	0.122796261786276	0.11460469914154	0.122077565690055	0.185041552362067	0.139261356643602	0.156540848680643	0.15923553449884	0.219115003243414	0.124434081698011	0.137072207854048	0.118443106407964
"Disease27"	0.208009715819844	0.143090595604855	0.194893625421652	0.148101769100169	0.189554125758726	0.153114255653073	0.443147987648279	0.139383757661842	0.182241774140919	0.195965291097876	0.14133025819173	0.163696054247305	0.174008085391526	0.147081721323931	0.174665887137006	0.166977849367637	0.16162074299017	0.173950683343508	0.212033306253416	0.165589973632463	0.163396380646678	0.156110011408514	0.154715135293827	0.160647087572824	0.180499860794177	0.169202320634535	0	0.157506759599668	0.119248565258661	0.171020609496192	0.159323282773127	0.108000892525106	0.181838947768431	0.185482603847469	0.233184020943937	0.163334812586382	0.138742821342744	0.154720922861102	0.169317286156329	0.168754544784285	0.165973017512975	0.177825828181499	0.123888101448525	0.149130197916732	0.18183881014096	0.172478389999405	0.140085451911281	0.16224560877815	0.188776609546905	0.180119839973698	0.148958378296755	0.143295756179658	0.164746813325182	0.170295417441407	0.12555071841169	0.235062539826526	0.171681958600843	0.133932924901106	0.153304986425538	0.139878239541846	0.165694675909456	0.152932175960021	0.139471834038334	0.159208588549548	0.171234597926382	0.17420889282769	0.153933620019327	0.159697771003785
"Disease28"	0.182010154311979	0.147954600652121	0.167247961896305	0.161486027373386	0.206766458606609	0.161211167742408	0.393230921894537	0.17206013107234	0.134689515507996	0.155732496326401	0.139156603374347	0.154969767419723	0.183607786137602	0.14327629862239	0.157628020957329	0.153677558900059	0.19379606363555	0.147081241815713	0.118087864409669	0.126929940905648	0.161858381147485	0.135316919988445	0.15898011308476	0.158325216617572	0.176017990996985	0.152248698280974	0.157506759599668	0	0.121970855357257	0.134679937291034	0.190750819102221	0.15812790889542	0.15677775930265	0.152893916485229	0.174740220997714	0.150216044248064	0.170132377502565	0.189141729920271	0.0962641856091412	0.188054137259978	0.103108623925101	0.177880954075327	0.145110317405776	0.171361609677875	0.182864235384537	0.139250941133709	0.130367449437682	0.1667654684129	0.169091259198515	0.160406848002291	0.152539044492659	0.0975877841567402	0.153512567455214	0.167540166676286	0.165672295796364	0.215490568459965	0.204089315300634	0.131269898742155	0.153374918067961	0.149864916258241	0.161002699875338	0.187404904240027	0.155305546848613	0.138474477574797	0.149088192233592	0.180185158456659	0.160417089231887	0.172139060243904
"Disease29"	0.176956153296055	0.108638787712033	0.156057151955421	0.145171893481176	0.151474524895041	0.115227186771824	0.406304019563514	0.131702548234852	0.145632493175305	0.147194810976093	0.112869506575742	0.159988024443723	0.144188668218496	0.120226165404485	0.153409437724048	0.154519278966563	0.164783398665825	0.155946247161923	0.161235629123328	0.114826109660427	0.132034728573644	0.130126080414462	0.163917985868648	0.133144022811786	0.153018504090531	0.156897236274844	0.119248565258661	0.121970855357257	0	0.115663030710897	0.13554477418893	0.117567491117809	0.16429009889185	0.144822129643247	0.229143279133743	0.131139555240416	0.133036220362802	0.136059196239454	0.144240715923581	0.151221457515011	0.131900509246727	0.153700699558309	0.107118233980892	0.159595230558253	0.158343169441204	0.108689066526189	0.12886835095376	0.161198178381979	0.176446434542952	0.164659223758638	0.109393505371017	0.0935759248501472	0.150266922072598	0.146429913345881	0.144505026222623	0.207500519054188	0.165513976942181	0.0976717776348956	0.132438401857367	0.10768092226439	0.126974535450918	0.155624205222975	0.140288878148613	0.114023629866102	0.15382125204725	0.153855581662382	0.132550786844545	0.139515333617075
"Disease30"	0.167816453977472	0.132509099617089	0.145388194854607	0.163602043923713	0.197919299461915	0.155178814903932	0.386630429028418	0.161527678350523	0.133384764019556	0.139087697236022	0.136846062838792	0.19399822324104	0.160738615868101	0.17090184463128	0.170668815612443	0.204588134551891	0.188586281741892	0.170507671545402	0.141552221615877	0.111012514638904	0.160217439735454	0.130358229418588	0.186559377595867	0.180358414938713	0.184248248110922	0.156380795941431	0.171020609496192	0.134679937291034	0.115663030710897	0	0.160582182709807	0.182430720869532	0.167834280779193	0.135072484176893	0.221820373033028	0.165134966107578	0.17753779986281	0.191966529411647	0.145489542848389	0.182445021417737	0.12400821697044	0.190995778077604	0.143814571866947	0.190454908183865	0.175891058044851	0.133198782747608	0.148433120647433	0.18838901061304	0.174948950442175	0.177743986073159	0.109957521057329	0.106995899644674	0.155939024888725	0.149759633717571	0.206428647053826	0.236219563688321	0.209545705608706	0.145594646627304	0.170696055015483	0.176426613436484	0.152055534857658	0.200510095664256	0.186781174158919	0.122693973195656	0.169883057273098	0.190380147830757	0.17243915582833	0.172978152409099
"Disease31"	0.189216753579746	0.166425485333324	0.143016942814038	0.168055913605377	0.202996528815141	0.160684483015333	0.430115076254952	0.133072342754623	0.170907498091983	0.156814450271573	0.163273691204083	0.156366159864677	0.150341863971198	0.149513536466121	0.172472283964711	0.212087224705984	0.182284487120312	0.20789899894076	0.213492917543084	0.169808670588588	0.163777492592825	0.145763636029445	0.193613115102269	0.178595756432007	0.169023570217475	0.160862528268807	0.159323282773127	0.190750819102221	0.13554477418893	0.160582182709807	0	0.148621333471829	0.228181418036651	0.185771099999268	0.220987200204905	0.188340859873858	0.157364535581248	0.186434073267331	0.173729924057547	0.172838093537283	0.189313361056504	0.188680956565375	0.146143784152046	0.169901811664516	0.153173845047575	0.185262932586624	0.152828104729157	0.205754274987564	0.172031907247696	0.170496461076289	0.152988443896937	0.171292420447956	0.174508193162548	0.134106444756066	0.208463171730204	0.207392849011788	0.18104725278425	0.152677566610134	0.175870883636113	0.152937654586188	0.187016295264762	0.180294790910073	0.173735002984066	0.153126509676528	0.221572817143937	0.157578210069578	0.173460957254503	0.136305796669069
"Disease32"	0.221767906472672	0.135742498010337	0.191593307546928	0.161616848858777	0.18885416277373	0.161285892893923	0.452970127210109	0.134868838007475	0.189131849779067	0.172914623722353	0.131234116937612	0.150105991121837	0.184577743009269	0.137581637454912	0.186536141787907	0.162686554202747	0.187098795436269	0.193626566473097	0.211694984284137	0.177872649084031	0.14308909555274	0.156642081460296	0.154406446007496	0.133883256570617	0.188038971795378	0.163665898457802	0.108000892525106	0.15812790889542	0.117567491117809	0.182430720869532	0.148621333471829	0	0.205187636201732	0.178373925340969	0.217611005525622	0.148769789125236	0.131119555190043	0.176285258433845	0.174794176169228	0.184711309960287	0.170263599827955	0.164918085408455	0.136785863265152	0.104722063888526	0.187670679654746	0.186095283961467	0.146001708284582	0.171424175920385	0.181593756408402	0.165781690074374	0.159094166032786	0.160290920670869	0.167847943997307	0.18589483509669	0.100850240769782	0.194986313433242	0.152901474959827	0.147226937028738	0.158346637146556	0.137079593509905	0.177693910394015	0.153940255087474	0.110414055420117	0.146055514668526	0.182661971431508	0.163256517948759	0.141637035932753	0.14846163369181
