"Disease1"	"Disease2"	"Disease3"	"Disease4"	"Disease5"	"Disease6"	"Disease7"	"Disease8"	"Disease9"	"Disease10"	"Disease11"	"Disease12"	"Disease13"	"Disease14"	"Disease15"	"Disease16"	"Disease17"	"Disease18"	"Disease19"	"Disease20"	"Disease21"	"Disease22"	"Disease23"	"Disease24"	"Disease25"	"Disease26"	"Disease27"	"Disease28"	"Disease29"	"Disease30"	"Disease31"	"Disease32"	"Disease33"	"Disease34"	"Control1"	"Control2"	"Control3"	"Control4"	"Control5"	"Control6"	"Control7"	"Control8"	"Control9"	"Control10"	"Control11"	"Control12"	"Control13"	"Control14"	"Control15"	"Control16"	"Control17"	"Control18"	"Control19"	"Control20"	"Control21"	"Control22"	"Control23"	"Control24"	"Control25"	"Control26"	"Control27"	"Control28"	"Control29"	"Control30"	"Control31"	"Control32"	"Control33"	"Control34"
"Disease1"	0	0.107837401134434	0.227442688382623	0.189409342260914	0.153470384060524	0.15028854483552	0.294803342883177	0.125832100175269	0.244246447540887	0.156041007061328	0.211411569990376	0.147249590495948	0.219757277862036	0.109812901208285	0.268947158860537	0.150525310907724	0.221331896031999	0.0870462632424735	0.220475335993576	0.165041678257213	0.203343516931099	0.134869561976366	0.18817741095206	0.222410934993287	0.430631515254065	0.281456768115767	0.220612105899215	0.247008223821478	0.165575568530528	0.113219811468185	0.219827089680067	0.187270262368451	0.0898060774274431	0.150216097484174	0.543982945560912	0.203082015997495	0.280233373169095	0.181157557383551	0.372900568658269	0.18256075201676	0.260815230681017	0.202576262915389	0.240455863413244	0.210123275726643	0.15505758898829	0.459917354172098	0.287965024667768	0.188381823681854	0.197506654452317	0.134889660380319	0.171078560239232	0.221098779834836	0.482575354630883	0.201026524476816	0.144394933822436	0.193107503805792	0.258708112715532	0.295702995004089	0.175768229777111	0.142917504153435	0.16870416099919	0.165721301254986	0.213487309854595	0.273626616912504	0.177565331297314	0.233946454185191	0.125556731881198	0.232399365253702
"Disease2"	0.107837401134434	0	0.225658077847665	0.207301085642699	0.179400045810064	0.16576537442865	0.317374482155091	0.161778993070088	0.268914698145044	0.19511958149648	0.241925307827931	0.151846116439197	0.25944256772077	0.134778380207992	0.298509688193426	0.167019757357656	0.25232652846264	0.114976209522394	0.25704026113421	0.203497215562841	0.23856291858	0.160666649210485	0.233823797166499	0.216598879338406	0.439937884942263	0.305562979383094	0.263413389911135	0.264394743948315	0.187752799409664	0.102311945250468	0.269612895760164	0.230143608995123	0.136650990892138	0.18576178056037	0.55807365291451	0.200354091957955	0.301390553217079	0.216519015972345	0.373973240189221	0.229602275101612	0.280543080320002	0.177595055825278	0.27674334269868	0.214712333901812	0.189407602346317	0.470414220916379	0.297245030356436	0.164383991989943	0.197033193603071	0.10825879067202	0.203392270277621	0.265099652968076	0.484473042500322	0.177003651743568	0.157182129055299	0.230437072460779	0.265719470120994	0.289922591115756	0.179515044748413	0.163312755929881	0.157968942672924	0.195612028122894	0.222604644663186	0.271403138838567	0.218816314278557	0.253706825701132	0.146407062693774	0.223971882408243
"Disease3"	0.227442688382623	0.225658077847665	0	0.23224942452664	0.258848921830841	0.208083459326608	0.364586083725878	0.23908059516558	0.202974022366213	0.291816834458513	0.24772416139088	0.261590644156052	0.23625981207915	0.230413600302045	0.23890836750641	0.26351887614166	0.333806886338327	0.243134962221197	0.318459932351266	0.287282259310786	0.324011580486653	0.213033157777385	0.303860298678396	0.317521636093991	0.289210699111733	0.230679321268481	0.275325379072753	0.207948097656045	0.266931790828405	0.207110786872707	0.327341995733778	0.32104630873097	0.247217251941558	0.280964560603272	0.434701740224954	0.191160727317602	0.208379839603417	0.254605414038665	0.226984579345677	0.224203554390473	0.23262947339198	0.261255166036549	0.247182865206244	0.147148890242007	0.263297348751208	0.341815210633994	0.209181922954507	0.168441837641804	0.179150758665648	0.21835947733215	0.295430744386747	0.342989013853389	0.349458389425296	0.175805751934661	0.200064853932663	0.234594624586286	0.161023157157677	0.202348036940583	0.160054859244265	0.251942062034474	0.258388085046769	0.27753763975343	0.280230777833819	0.154990598416719	0.265180621914868	0.202259738960886	0.22251636776879	0.308472200304099
"Disease4"	0.189409342260914	0.207301085642699	0.23224942452664	0	0.186799845892762	0.16878488881599	0.231817467144528	0.158411967761338	0.216147542079689	0.179899466881017	0.192336055333063	0.270710393812112	0.179648851941528	0.166876831724846	0.251870435600095	0.143861057193017	0.234819682031875	0.181455525304708	0.235383205185405	0.18323783557115	0.161286569768513	0.140690581753168	0.20356661063464	0.219216362070843	0.365426720417249	0.234073072140539	0.18214270715635	0.2238936693563	0.129504003534307	0.184297342571748	0.232416958710364	0.230537372043419	0.204720793993256	0.156847965070548	0.495580233115449	0.176098915728202	0.281800797173745	0.137267416641267	0.328405920044765	0.185818331784052	0.187466953665386	0.293011488357041	0.210044867671943	0.207731951676655	0.158014259777281	0.410945315734162	0.274981397415691	0.216803049853256	0.234752173034228	0.214453882701709	0.178236789612108	0.24236837549844	0.425277813175271	0.23207397557376	0.142134544230798	0.178268582751303	0.259820599880134	0.295210253848715	0.201960404731341	0.188522891339357	0.206181373095516	0.19581341055534	0.190266088407688	0.266674140324149	0.166362456243943	0.202351532907461	0.18554274993096	0.195653220728066
"Disease5"	0.153470384060524	0.179400045810064	0.258848921830841	0.186799845892762	0	0.165029133115666	0.253946802930755	0.155564084091359	0.283471103831114	0.156645344513896	0.231466321131685	0.205602157654375	0.241854838852711	0.128706007536896	0.300509116568508	0.132653164960651	0.147239142629123	0.128182241037364	0.230855500176452	0.147599654781785	0.186227621568158	0.148655197745541	0.195501211775597	0.222913832380109	0.440848262999072	0.303738991988642	0.237224079863823	0.285305385917798	0.151055958699489	0.184490030131843	0.240654215961642	0.195718300894156	0.125106336186625	0.149784252258017	0.556390074699885	0.226363390389198	0.314765913852289	0.15486358677826	0.392627480120302	0.21695280309119	0.261108370520129	0.239811314417313	0.2611739661261	0.248688957822838	0.186100689021257	0.473053257782876	0.319291560605434	0.239997284199109	0.239532222842153	0.164743881578768	0.161347540848	0.234345865484972	0.495671528475913	0.257440594788503	0.124927221574594	0.210884260991674	0.300511958433412	0.340594061484241	0.211316808283583	0.166192481736969	0.153566607191815	0.10963346232475	0.200228919849893	0.303592893591579	0.206827038400482	0.245226271789474	0.130400932731757	0.19067269205286
"Disease6"	0.15028854483552	0.16576537442865	0.208083459326608	0.16878488881599	0.165029133115666	0	0.304232186928382	0.187742435693855	0.239684727547709	0.220649181539187	0.22341430677488	0.191663090155556	0.24731902591758	0.139076480601227	0.265482461390587	0.15955375114635	0.2502180372517	0.148912702141295	0.282646333476535	0.22102614483283	0.24575693999369	0.155992705213077	0.258124713088607	0.19894723054809	0.389446443707641	0.27345218938449	0.253665676242813	0.237836781860139	0.186598739967301	0.159368195974991	0.290847303365065	0.266725122379077	0.159869146877026	0.206504041322965	0.49740060295368	0.213560660266403	0.246442302292803	0.17564037051586	0.338061920550026	0.202383143756199	0.242032036770597	0.233801736339576	0.247920317563556	0.181114183295548	0.203958497102291	0.412661392121258	0.267243603531273	0.17862725604232	0.167284966730031	0.162710203995745	0.230336151146075	0.298745537989629	0.452584128969161	0.186113162767517	0.129469363998866	0.21524007636369	0.230084303632365	0.264301551691368	0.16462880932777	0.212354070397583	0.149158940290571	0.205209334370219	0.237160471446981	0.236346823486462	0.22958452127865	0.193005002801314	0.14573689611665	0.21708562421854
"Disease7"	0.294803342883177	0.317374482155091	0.364586083725878	0.231817467144528	0.253946802930755	0.304232186928382	0	0.265236340893466	0.359056197321622	0.247968265493087	0.298587627041725	0.363941805353925	0.288318324117868	0.272534045700592	0.36528370570656	0.226866082331303	0.235926521973493	0.279890242903179	0.275982469028913	0.237460600995895	0.212950095620317	0.253336851557961	0.240004942717096	0.308247658577442	0.473071025501805	0.355722932635056	0.266895589366499	0.362516657566162	0.214450060587205	0.309059117604895	0.281421616220678	0.256238754078358	0.284066681600969	0.19610579078865	0.577026081919595	0.30080648850416	0.40628261222222	0.231125446362412	0.456023471422151	0.296130107072472	0.266168049179658	0.387707836623454	0.308078269316446	0.358796994452278	0.24051167121263	0.511843548798973	0.398696695579958	0.346960088119255	0.371370564564823	0.309258142475769	0.225397806155263	0.280156335657219	0.532149659815268	0.371399466391658	0.261688536041413	0.274541443087904	0.401788012194513	0.432301405108936	0.339197688680192	0.269715115212012	0.295148830529989	0.230271132062064	0.239272320315645	0.398273657195956	0.227276309525389	0.333989247640072	0.283007296688872	0.198163304746334
"Disease8"	0.125832100175269	0.161778993070088	0.23908059516558	0.158411967761338	0.155564084091359	0.187742435693855	0.265236340893466	0	0.217128706486127	0.11255840461034	0.184404764677597	0.220814903877543	0.16568062606437	0.130324985550492	0.243500082745832	0.150006612276049	0.199340870224541	0.124492398129842	0.186049212943274	0.136108124414066	0.150756389133233	0.120132879216291	0.149701732067031	0.258845933175625	0.400852056782902	0.24173884445607	0.166199193733468	0.225820787319471	0.131127343507871	0.132812570045378	0.174870525894638	0.156950947606246	0.137367239855068	0.120942790494496	0.521405028072538	0.17794758857424	0.284670936019536	0.14538417622079	0.356696423736755	0.156468352881169	0.226624532134253	0.254741658731283	0.196661436471189	0.214837570944197	0.122008177725019	0.43851569387092	0.279840386635796	0.207937085846104	0.224481180175931	0.18186518686672	0.122127403034891	0.1751267873374	0.460521449315424	0.224580694858824	0.141642033854035	0.147303843553785	0.265746871534345	0.303432403393991	0.190215418623352	0.133203241532648	0.210680075443159	0.150395171162185	0.193497849202571	0.279195619953006	0.125757183872969	0.220984800644214	0.149979853829114	0.23661480041943
"Disease9"	0.244246447540887	0.268914698145044	0.202974022366213	0.216147542079689	0.283471103831114	0.239684727547709	0.359056197321622	0.217128706486127	0	0.260775496491411	0.187083662142999	0.336084813326224	0.160315611914152	0.249204725937916	0.0964020531351471	0.274459994855475	0.324799993450009	0.262020232544988	0.272170782720964	0.252226748457661	0.289176481712033	0.192768961780986	0.267749556132719	0.358970487286327	0.225762163944067	0.0819543091490122	0.200783191727765	0.0774173620365733	0.256050211326795	0.216944260620976	0.259971986257997	0.281468818005218	0.269685686279075	0.247974163513803	0.349770150277846	0.175928257936651	0.153230542218087	0.213927067318198	0.194645418635681	0.142483728705536	0.223649122840829	0.341153018156467	0.141337536416135	0.127004809882764	0.204696241168485	0.264314270236401	0.120453287933181	0.189791383448087	0.19606536524208	0.294544488496976	0.267536262319883	0.282700369820635	0.302973766225973	0.201113054283019	0.218147330895109	0.169346850304037	0.125331875947993	0.154140974508059	0.17913236126878	0.242048938758684	0.32064199566625	0.278322233721303	0.274037870352958	0.179853822333227	0.212946280323829	0.13676484161866	0.268140046865053	0.348007974711474
"Disease10"	0.156041007061328	0.19511958149648	0.291816834458513	0.179899466881017	0.156645344513896	0.220649181539187	0.247968265493087	0.11255840461034	0.260775496491411	0	0.197595821471961	0.246684029785085	0.161172410078796	0.137628988228262	0.27138116529672	0.149885346306027	0.155255968186689	0.135142654297876	0.14933368144279	0.103353083370497	0.121595731594465	0.138397408345766	0.111668324266296	0.2677548090077	0.444419619754621	0.264627477510268	0.143109596676877	0.26989619113844	0.131045250673872	0.185738936199203	0.137190137221035	0.111147315359607	0.148543552650391	0.11001086786141	0.553545057475344	0.208502045413138	0.3352850355849	0.134444703177054	0.405336182377966	0.164930499173811	0.251219548360852	0.283061016015401	0.19056991999195	0.268202372177257	0.128451001428942	0.476754412769984	0.320080554281759	0.256974621185377	0.274281346298437	0.2104292779383	0.0773310916421842	0.123374778521921	0.494457608709995	0.284402451998191	0.170864672967984	0.145981010364017	0.32151069625417	0.359285143917459	0.231795324881581	0.130566229294264	0.226064470686272	0.129279009474853	0.186146862185084	0.33478063754931	0.131781830413466	0.257734053007806	0.173018323281299	0.232668301074349
"Disease11"	0.211411569990376	0.241925307827931	0.24772416139088	0.192336055333063	0.231466321131685	0.22341430677488	0.298587627041725	0.184404764677597	0.187083662142999	0.197595821471961	0	0.302513234508272	0.169916478710587	0.204788739599444	0.208551860515657	0.218752635632875	0.259274673852792	0.219232161167192	0.223583058675192	0.198758027804748	0.220575178609796	0.155335902754929	0.203586007577297	0.323377472599652	0.343468935037155	0.197062107970003	0.181646960913512	0.196447626952147	0.198817260373125	0.201691331920348	0.217357212982399	0.218454664045483	0.22669325255258	0.193272914517077	0.468449402862495	0.190456267055887	0.261013975321842	0.169908957359799	0.315731536640352	0.153904065405681	0.224023848583421	0.321085288021446	0.171906657808231	0.207697263760942	0.170051396656159	0.385136005421794	0.239551584787417	0.221834037147452	0.238569893615028	0.259369800975647	0.194623145364315	0.23036595192051	0.414541829868698	0.229090098967844	0.190076350585243	0.156594518505537	0.241633266839686	0.278117150660801	0.204708370217329	0.200365785074117	0.282538948240101	0.214699690663542	0.220195422322839	0.257948808398877	0.182845012144864	0.207410315952682	0.226473482934975	0.29180209918651
"Disease12"	0.147249590495948	0.151846116439197	0.261590644156052	0.270710393812112	0.205602157654375	0.191663090155556	0.363941805353925	0.220814903877543	0.336084813326224	0.246684029785085	0.302513234508272	0	0.322817524388202	0.175809070378341	0.357468570454783	0.214925381320569	0.28495643374813	0.157551693851194	0.309362866546762	0.253258039318107	0.293662889432034	0.229962225520236	0.286561935266064	0.238478822137584	0.476768868682248	0.3709986766334	0.325205623709102	0.329665485062979	0.245324719538712	0.186400558704333	0.325832953494891	0.277709087802866	0.146745864653356	0.240403655801572	0.589120811592038	0.278765713415221	0.323538708122522	0.275659411759404	0.415560509302152	0.286022803450105	0.3337755726984	0.170342117933055	0.339283881885803	0.260931571227647	0.258278877488947	0.503997921675924	0.352344398533632	0.235976778732788	0.212217980432935	0.140498117965907	0.263894583826478	0.319600988880628	0.517871922536913	0.244997263706005	0.210834137524695	0.291105482739198	0.299110319447887	0.342995621859519	0.233705920909792	0.228030743375861	0.186802514538808	0.235940781378427	0.286706579097041	0.313000311976853	0.283391903359658	0.298857672644907	0.157225299644395	0.266620265196984
"Disease13"	0.219757277862036	0.25944256772077	0.23625981207915	0.179648851941528	0.241854838852711	0.24731902591758	0.288318324117868	0.16568062606437	0.160315611914152	0.161172410078796	0.169916478710587	0.322817524388202	0	0.224678777169132	0.188235457540475	0.230858935852701	0.240407762457257	0.226145836066461	0.175034041255696	0.159849573873039	0.198085325279538	0.160773521272039	0.158563627121335	0.342067297261388	0.323636131582874	0.154741673311194	0.089752638994308	0.177731497175438	0.202355040517257	0.207849472251316	0.143070849087629	0.177734676528179	0.233836755527127	0.174682964903547	0.455980326967207	0.162083367340305	0.264227496143855	0.156707175276512	0.297751861046403	0.113010220493478	0.218984342852094	0.338588304345544	0.120734815799699	0.19847460408754	0.146828522154468	0.379210185170784	0.242258856533069	0.232373338464367	0.249074091211026	0.28439372194014	0.165046709264541	0.165424098703903	0.377934669740265	0.240640346418655	0.205822443541027	0.104876069264409	0.231494935599798	0.285099098869659	0.208047971869943	0.189440688399729	0.311303846904285	0.211703897368591	0.223314525839535	0.27563293926133	0.134441898221274	0.21328149171632	0.235819352148418	0.306536594554165
"Disease14"	0.109812901208285	0.134778380207992	0.230413600302045	0.166876831724846	0.128706007536896	0.139076480601227	0.272534045700592	0.130324985550492	0.249204725937916	0.137628988228262	0.204788739599444	0.175809070378341	0.224678777169132	0	0.271525240350582	0.13597778422183	0.194681952150554	0.0937026220618851	0.223960251061748	0.155894506104067	0.182035841471337	0.125803739061583	0.186673003714418	0.21839460588871	0.420793163693197	0.281530055484067	0.21902044807343	0.254433610361044	0.128533307441867	0.135499365101125	0.225956626566707	0.189048618072281	0.109004724992502	0.147778016300494	0.530271630560607	0.195661400789437	0.282647255023338	0.150724189066609	0.371242530614391	0.187121767883329	0.24600274855167	0.218380565599523	0.240517406086654	0.207948465586043	0.163535759836202	0.449950493637899	0.283178214773039	0.187488242729892	0.193936600658757	0.139118791822537	0.153537201440049	0.227539556077513	0.476329011250842	0.218092793367483	0.113696448236996	0.192853041370382	0.265361299387739	0.301116901487813	0.173823094912605	0.146260406691967	0.152252395073515	0.140594299955888	0.194447517420735	0.276378905670208	0.188115086300858	0.219351373846513	0.114442760883433	0.204347890734932
"Disease15"	0.268947158860537	0.298509688193426	0.23890836750641	0.251870435600095	0.300509116568508	0.265482461390587	0.36528370570656	0.243500082745832	0.0964020531351471	0.27138116529672	0.208551860515657	0.357468570454783	0.188235457540475	0.271525240350582	0	0.296700553888468	0.328573388370794	0.287149651833393	0.268371645266843	0.263153920481554	0.300245003986163	0.213973971696699	0.273844117118616	0.385287978177093	0.24786150059881	0.0965814675862441	0.219068587047169	0.0902095798799465	0.275340860183171	0.251856712927112	0.263390796167445	0.285285294749803	0.284930000703549	0.261027880219115	0.331252719608257	0.208247096921459	0.160969042656471	0.228206376263821	0.23042917486526	0.152367598320773	0.235949723100462	0.361860345899633	0.13780963443333	0.178843035512943	0.222205225818703	0.258092850562902	0.118786260783569	0.20593253004078	0.222370963098853	0.323395590177171	0.277611582494677	0.284724411319206	0.330602536681299	0.231988469432731	0.246497899278243	0.176939721669573	0.169108224631176	0.162270702603661	0.20854945063431	0.259270331629397	0.34896109053053	0.288230117683194	0.287266743773077	0.17919629924246	0.234264116356083	0.147863842307791	0.294903948338453	0.366295655013644
"Disease16"	0.150525310907724	0.167019757357656	0.26351887614166	0.143861057193017	0.132653164960651	0.15955375114635	0.226866082331303	0.150006612276049	0.274459994855475	0.149885346306027	0.218752635632875	0.214925381320569	0.230858935852701	0.13597778422183	0.296700553888468	0	0.189603652653157	0.125106511088971	0.224846428162658	0.152854027967343	0.157933372448544	0.148274653166835	0.196197855803713	0.189170864083413	0.436481640261871	0.296309124587196	0.231809649138392	0.271308848764827	0.110884038209836	0.170158365090055	0.236330156834296	0.200909455636445	0.148463617306091	0.12611559555887	0.555148912144754	0.213856866746493	0.315763506200713	0.156951769539645	0.388502504347636	0.215643726364797	0.245790540735232	0.251521432213697	0.252525031794423	0.246458825772382	0.168626973825506	0.47198498151151	0.316543969473558	0.234514120584809	0.248978593319319	0.163500290177029	0.14904478340873	0.230942651086701	0.48840652070123	0.249953537085533	0.131493276632389	0.20703864962927	0.297748078693762	0.335793020989205	0.22353699251718	0.153735974584133	0.152814021267682	0.153869736588336	0.187506417658108	0.302963983328236	0.186117622437494	0.24237797674938	0.144247344417988	0.146240138834489
"Disease17"	0.221331896031999	0.25232652846264	0.333806886338327	0.234819682031875	0.147239142629123	0.2502180372517	0.235926521973493	0.199340870224541	0.324799993450009	0.155255968186689	0.259274673852792	0.28495643374813	0.240407762457257	0.194681952150554	0.328573388370794	0.189603652653157	0	0.195147189745468	0.204604302166689	0.135553233385368	0.175821468576787	0.193563769729536	0.158489788022119	0.285427802545701	0.477741133687688	0.329249268078537	0.21977433114288	0.32640659874775	0.183466534075546	0.252721358130873	0.203996311036647	0.16086774026975	0.185752842622178	0.162580190269907	0.582175535121597	0.270909101325557	0.375155472350841	0.159989508693061	0.447200537586415	0.236639389296852	0.293454605015719	0.32314744476236	0.260642835060773	0.320754191030605	0.206541886795812	0.507924490292591	0.366852043699216	0.311461422433207	0.324041158195227	0.251235078279409	0.149270351143557	0.193825357391753	0.529557733054889	0.333808710315569	0.213300542242826	0.216800107699039	0.372463146172922	0.405554579152915	0.284777972724389	0.196134703990588	0.243131460053339	0.106734239035634	0.221046639519951	0.375521670402854	0.208525743600931	0.294574118851168	0.203045620582704	0.239080270961216
"Disease18"	0.0870462632424735	0.114976209522394	0.243134962221197	0.181455525304708	0.128182241037364	0.148912702141295	0.279890242903179	0.124492398129842	0.262020232544988	0.135142654297876	0.219232161167192	0.157551693851194	0.226145836066461	0.0937026220618851	0.287149651833393	0.125106511088971	0.195147189745468	0	0.223379591382135	0.155643773081734	0.182567699788773	0.137300922402423	0.190287604250004	0.202080180813045	0.443892858136651	0.296137991598675	0.227112346402991	0.264185006523297	0.149325102382025	0.128790224722775	0.228319239112931	0.184227320567363	0.0860639993831737	0.137806626132314	0.560807320324898	0.214556025869867	0.305480599338404	0.172391134246608	0.386132008780676	0.201882960464846	0.261370527406261	0.206888656887552	0.253577426198776	0.219636660429827	0.166618649023855	0.47603913542207	0.3056144496468	0.204286659124648	0.209181808150657	0.123556758862276	0.155410957581022	0.221169787328159	0.493039309461287	0.221419758900587	0.131104070575165	0.199947718312422	0.279464226324219	0.31742096854957	0.187836601053172	0.13443685459913	0.142442775389082	0.147836851454734	0.2072004162649	0.291872655321871	0.183852479024884	0.244969951431388	0.107875269924255	0.201211705980064
"Disease19"	0.220475335993576	0.25704026113421	0.318459932351266	0.235383205185405	0.230855500176452	0.282646333476535	0.275982469028913	0.186049212943274	0.272170782720964	0.14933368144279	0.223583058675192	0.309362866546762	0.175034041255696	0.223960251061748	0.268371645266843	0.224846428162658	0.204604302166689	0.223379591382135	0	0.151715152741919	0.178793716347899	0.187862963888446	0.109514251777843	0.333700167167093	0.450637115903395	0.261205326613776	0.134783605015071	0.279687881473531	0.200374991702032	0.237265842347727	0.0972149000959457	0.116605889267241	0.222553456177213	0.168928350475854	0.554719752891884	0.239949362026179	0.358419386020377	0.195144809233007	0.410521695934606	0.178624396564743	0.279767268796379	0.326971329806537	0.170665298875962	0.303277188477008	0.145505688343517	0.485670471809563	0.317689408584766	0.293016928432325	0.320510784518109	0.278572430515481	0.14647428132674	0.120791901782228	0.50090135606028	0.307508018161955	0.235296776152318	0.141864206685089	0.344662456998571	0.369834112493667	0.259738618929527	0.17725720931025	0.299744407837899	0.18518561583915	0.223658697807136	0.350036685761345	0.163573653545209	0.29622314889112	0.24616148939485	0.291016576218383
"Disease20"	0.165041678257213	0.203497215562841	0.287282259310786	0.18323783557115	0.147599654781785	0.22102614483283	0.237460600995895	0.136108124414066	0.252226748457661	0.103353083370497	0.198758027804748	0.253258039318107	0.159849573873039	0.155894506104067	0.263153920481554	0.152854027967343	0.135553233385368	0.155643773081734	0.151715152741919	0	0.141439302288987	0.137119794779392	0.117612047133107	0.268386794672527	0.428382331148059	0.258766795866669	0.14645313195094	0.254569680445992	0.146810720647712	0.187394053671109	0.148701536286282	0.127844611467001	0.156663491222336	0.106819081633512	0.540993537551542	0.207830375700419	0.322779704064557	0.130123608161695	0.392444207681912	0.162611578255251	0.244613500243011	0.283892592094834	0.195686273865826	0.261186657341065	0.133790279341878	0.46234141744869	0.308097608334019	0.258473370434251	0.27352137143207	0.21780362290039	0.102202906822584	0.147833199172644	0.48410892502496	0.273012812653736	0.167922368717313	0.142774554900013	0.309785697851888	0.347486336837657	0.23120672396601	0.141228948981187	0.227050596181074	0.117385709154938	0.178044104598291	0.326008903557366	0.136842176293855	0.248690462549874	0.174382706121869	0.223526535887446
"Disease21"	0.203343516931099	0.23856291858	0.324011580486653	0.161286569768513	0.186227621568158	0.24575693999369	0.212950095620317	0.150756389133233	0.289176481712033	0.121595731594465	0.220575178609796	0.293662889432034	0.198085325279538	0.182035841471337	0.300245003986163	0.157933372448544	0.175821468576787	0.182567699788773	0.178793716347899	0.141439302288987	0	0.171661957167836	0.1373910713504	0.26198064927934	0.448763417339678	0.288213027508463	0.171402905779166	0.299704537934758	0.115015989237364	0.230726897148858	0.169905031086274	0.153559500496775	0.199066120564614	0.121386906985598	0.557879466750894	0.232682185052937	0.361057810113362	0.144208951156617	0.423126256035274	0.208689553452289	0.246721282419346	0.326593007144871	0.22692509473806	0.299699578135152	0.162295610827486	0.485501376992551	0.346207572122588	0.292832401351639	0.313022670414477	0.249490195633091	0.116377233171423	0.160494828905142	0.504841211615324	0.318526005262698	0.194040306050733	0.191455238222234	0.351108376056354	0.38504857806671	0.274805209240288	0.177810832289272	0.242312919423082	0.158048917400302	0.184116169366372	0.358398114793565	0.165522916486848	0.276231808276415	0.212123930194802	0.224828844000373
"Disease22"	0.134869561976366	0.160666649210485	0.213033157777385	0.140690581753168	0.148655197745541	0.155992705213077	0.253336851557961	0.120132879216291	0.192768961780986	0.138397408345766	0.155335902754929	0.229962225520236	0.160773521272039	0.125803739061583	0.213973971696699	0.148274653166835	0.193563769729536	0.137300922402423	0.187862963888446	0.137119794779392	0.171661957167836	0	0.154195767920708	0.258809221898067	0.371919145218197	0.214362305228035	0.154134659145257	0.198999818227643	0.135689171415914	0.136527289033597	0.187968404865154	0.168622254618887	0.139041696703819	0.126200763820464	0.489246333261006	0.137064929531208	0.252179230968446	0.101971664681434	0.329152592711494	0.128954926697211	0.198175915540332	0.256436350817199	0.165216076631847	0.185224396069802	0.11927350301461	0.408001523080512	0.239371233816205	0.162197480501755	0.199054597230254	0.182820782915089	0.134466427853387	0.197362899581835	0.44002179283528	0.199886709538592	0.114376136826106	0.119270247345287	0.235519485322005	0.268495331005997	0.156534843122768	0.127022208143275	0.20611904771941	0.128679607699835	0.143001857934262	0.246647978795419	0.136072577895429	0.184529208623119	0.150479465779911	0.228085380488024
"Disease23"	0.18817741095206	0.233823797166499	0.303860298678396	0.20356661063464	0.195501211775597	0.258124713088607	0.240004942717096	0.149701732067031	0.267749556132719	0.111668324266296	0.203586007577297	0.286561935266064	0.158563627121335	0.186673003714418	0.273844117118616	0.196197855803713	0.158489788022119	0.190287604250004	0.109514251777843	0.117612047133107	0.1373910713504	0.154195767920708	0	0.31087223890721	0.438187522809402	0.262932572816068	0.120328145168433	0.27492455783222	0.163487692753254	0.209076177362667	0.107189182568502	0.0899678721272211	0.189142980827699	0.128685769954814	0.551414874369953	0.214349391117061	0.345585623999065	0.14882907565753	0.407446240060286	0.166854699915575	0.261963254239236	0.315664726922451	0.18125709631461	0.285682788753697	0.134987413434772	0.477857349752758	0.323527304886804	0.276923330369758	0.302018184691275	0.253457234661996	0.104168308886079	0.113179499224704	0.491704432309664	0.300701614810149	0.203990033709462	0.138523549537735	0.335136158694168	0.372056370484937	0.249220298023421	0.151250175271375	0.275613661822653	0.139157793567142	0.189191640139651	0.348540356194025	0.134053540666791	0.276169465532376	0.21148503088546	0.264807488138832
"Disease24"	0.222410934993287	0.216598879338406	0.317521636093991	0.219216362070843	0.222913832380109	0.19894723054809	0.308247658577442	0.258845933175625	0.358970487286327	0.2677548090077	0.323377472599652	0.238478822137584	0.342067297261388	0.21839460588871	0.385287978177093	0.189170864083413	0.285427802545701	0.202080180813045	0.333700167167093	0.268386794672527	0.26198064927934	0.258809221898067	0.31087223890721	0	0.491972127947974	0.392801813098944	0.341910140763561	0.35832255464272	0.227547389388565	0.236509376385922	0.349580617008039	0.319491020653111	0.235788644367908	0.248980178025689	0.598600014643886	0.308114478567413	0.377253981805082	0.262608560682474	0.435379605771689	0.327872785608696	0.318681628420503	0.271449469654233	0.362657557913039	0.302593057344994	0.276134023039693	0.515687215151295	0.383801281561182	0.29216967410392	0.282200835015641	0.202026069712331	0.272929176119594	0.34247990588004	0.527299540194253	0.289236436063986	0.212874968871319	0.323420390357383	0.353177178787721	0.374237425569488	0.278216155871597	0.26073544333777	0.151860684610983	0.264268259866158	0.283501152405838	0.343478799155478	0.298336402384722	0.309822155100966	0.218736635586589	0.189741633762212
"Disease25"	0.430631515254065	0.439937884942263	0.289210699111733	0.365426720417249	0.440848262999072	0.389446443707641	0.473071025501805	0.400852056782902	0.225762163944067	0.444419619754621	0.343468935037155	0.476768868682248	0.323636131582874	0.420793163693197	0.24786150059881	0.436481640261871	0.477741133687688	0.443892858136651	0.450637115903395	0.428382331148059	0.448763417339678	0.371919145218197	0.438187522809402	0.491972127947974	0	0.21915482337008	0.370882412306719	0.229455576540936	0.418312809230188	0.38940020289895	0.435936867757211	0.464555154765346	0.449488429235234	0.428682493414759	0.228167632732859	0.31770836331235	0.214876245661523	0.376893558615968	0.133981080706463	0.326881849774226	0.324468650846573	0.466156666497522	0.312734030413419	0.250038212299558	0.398677657887455	0.168095210089594	0.217333658616403	0.326602263800891	0.323327447108975	0.442861032638905	0.442035858432711	0.458943043338862	0.151953805273795	0.340384292387109	0.37715198787497	0.351352817107097	0.200056128377759	0.228920702582865	0.33398840752804	0.425092679873792	0.46898169392126	0.442681900284213	0.406610574550436	0.25872750251576	0.386971439258274	0.251977826497327	0.417512124945577	0.472671001138547
"Disease26"	0.281456768115767	0.305562979383094	0.230679321268481	0.234073072140539	0.303738991988642	0.27345218938449	0.355722932635056	0.24173884445607	0.0819543091490122	0.264627477510268	0.197062107970003	0.3709986766334	0.154741673311194	0.281530055484067	0.0965814675862441	0.296309124587196	0.329249268078537	0.296137991598675	0.261205326613776	0.258766795866669	0.288213027508463	0.214362305228035	0.262932572816068	0.392801813098944	0.21915482337008	0	0.192912342665717	0.0963624187448732	0.271336251720487	0.255218018364775	0.247092233812913	0.279231687003637	0.299591444674803	0.259086769064604	0.344556498129947	0.193452879689342	0.178160070704184	0.221457095344592	0.208071339955941	0.145936517582824	0.22694932531998	0.374329327959216	0.127266159878106	0.163713569135774	0.216854455461941	0.260896300932063	0.139630048489568	0.221997744471594	0.230452364706475	0.330621714603761	0.267999006933456	0.27339752685296	0.300011154589706	0.239085831772355	0.24682099429391	0.166932869155575	0.154427476593436	0.182974272851435	0.214018574737663	0.259023522978013	0.355897305663128	0.290968182810854	0.276345780901653	0.205739782323106	0.220198205675637	0.15916207197732	0.296262185481393	0.367382320566193
"Disease27"	0.220612105899215	0.263413389911135	0.275325379072753	0.18214270715635	0.237224079863823	0.253665676242813	0.266895589366499	0.166199193733468	0.200783191727765	0.143109596676877	0.181646960913512	0.325205623709102	0.089752638994308	0.21902044807343	0.219068587047169	0.231809649138392	0.21977433114288	0.227112346402991	0.134783605015071	0.14645313195094	0.171402905779166	0.154134659145257	0.120328145168433	0.341910140763561	0.370882412306719	0.192912342665717	0	0.216430344946528	0.194823941973167	0.218103346889565	0.102576121145858	0.142745521845752	0.231867766388357	0.165671452252623	0.490400473629212	0.186215919736382	0.298256346601423	0.148665506324341	0.343440382923578	0.124471123380804	0.226098911558102	0.345798703567069	0.12545478746605	0.236654573065134	0.132384758733801	0.414986114933125	0.27111140254673	0.252020714852413	0.272527104989624	0.287242462037484	0.14235635609398	0.122933166792215	0.427879957303648	0.261289026308188	0.209433127195915	0.10111140848784	0.278493674421061	0.318339340695328	0.223669426842294	0.182100549601008	0.311616141970587	0.194444190407857	0.207115083606486	0.307503816259286	0.121774759860634	0.241511874932678	0.239275204861595	0.303995156332397
"Disease28"	0.247008223821478	0.264394743948315	0.207948097656045	0.2238936693563	0.285305385917798	0.237836781860139	0.362516657566162	0.225820787319471	0.0774173620365733	0.26989619113844	0.196447626952147	0.329665485062979	0.177731497175438	0.254433610361044	0.0902095798799465	0.271308848764827	0.32640659874775	0.264185006523297	0.279687881473531	0.254569680445992	0.299704537934758	0.198999818227643	0.27492455783222	0.35832255464272	0.229455576540936	0.0963624187448732	0.216430344946528	0	0.262777635816171	0.207820655581327	0.2657009973778	0.293169964230098	0.270238911581312	0.254617795352612	0.344261242372384	0.183784595260348	0.150896214509861	0.222597773649503	0.204835763939297	0.152347146861423	0.220541860631861	0.33448220515858	0.145258186075948	0.133293811655929	0.219382014676979	0.256387608221854	0.111976232428596	0.18277711445074	0.192902890258447	0.291715252018799	0.27584956922925	0.291265470442074	0.311390540833778	0.191627738387488	0.218645455134696	0.180076692661699	0.136661760847061	0.14292524705884	0.175760099753456	0.244696619413358	0.321482291518998	0.284482449410655	0.268459014999653	0.159640976921526	0.216372522347136	0.130346874715619	0.267602188787504	0.343577222299487
"Disease29"	0.165575568530528	0.187752799409664	0.266931790828405	0.129504003534307	0.151055958699489	0.186598739967301	0.214450060587205	0.131127343507871	0.256050211326795	0.131045250673872	0.198817260373125	0.245324719538712	0.202355040517257	0.128533307441867	0.275340860183171	0.110884038209836	0.183466534075546	0.149325102382025	0.200374991702032	0.146810720647712	0.115015989237364	0.135689171415914	0.163487692753254	0.227547389388565	0.418312809230188	0.271336251720487	0.194823941973167	0.262777635816171	0	0.182341757531594	0.203431117697449	0.178727987261209	0.170408852553663	0.109949073879988	0.534196771659392	0.188192559583292	0.317104268733342	0.128269570709522	0.38288072582318	0.19602665381901	0.226887204355468	0.273282036937458	0.22541712577671	0.24879441442828	0.145456230711354	0.455802478281151	0.304070134631644	0.231825955897973	0.255451453808466	0.190057008916318	0.121511779007827	0.205386409270464	0.480976959634379	0.259701889836045	0.135719115613827	0.177741791291996	0.301633231033968	0.330105709219304	0.224245927360737	0.156255456457786	0.189771359484379	0.139657206812946	0.167571999008048	0.300348762488022	0.164608600107189	0.236151053931333	0.156435901453581	0.180674863947695
"Disease30"	0.113219811468185	0.102311945250468	0.207110786872707	0.184297342571748	0.184490030131843	0.159368195974991	0.309059117604895	0.132812570045378	0.216944260620976	0.185738936199203	0.201691331920348	0.186400558704333	0.207849472251316	0.135499365101125	0.251856712927112	0.170158365090055	0.252721358130873	0.128790224722775	0.237265842347727	0.187394053671109	0.230726897148858	0.136527289033597	0.209076177362667	0.236509376385922	0.38940020289895	0.255218018364775	0.218103346889565	0.207820655581327	0.182341757531594	0	0.234516792317564	0.223690527198977	0.140850350794624	0.171366126273054	0.517523162339931	0.172023713620951	0.265231143911355	0.192673539013537	0.328784956452512	0.187338068632779	0.246261650388011	0.209604272579909	0.232007230595951	0.176469399518146	0.165338388126152	0.427515271721732	0.259298439777031	0.159951735335525	0.17988183109382	0.144086669545749	0.197511435062055	0.244049842002933	0.439757980880622	0.156084011419678	0.140701216505543	0.193233396925515	0.225612487052991	0.260717699606781	0.14853138049576	0.156701285725905	0.186146917577403	0.191524296253546	0.203056839523116	0.24095064958858	0.176802445793425	0.217653330575645	0.143516408939176	0.239498670191744
"Disease31"	0.219827089680067	0.269612895760164	0.327341995733778	0.232416958710364	0.240654215961642	0.290847303365065	0.281421616220678	0.174870525894638	0.259971986257997	0.137190137221035	0.217357212982399	0.325832953494891	0.143070849087629	0.225956626566707	0.263390796167445	0.236330156834296	0.203996311036647	0.228319239112931	0.0972149000959457	0.148701536286282	0.169905031086274	0.187968404865154	0.107189182568502	0.349580617008039	0.435936867757211	0.247092233812913	0.102576121145858	0.2657009973778	0.203431117697449	0.234516792317564	0	0.116161797621342	0.229701015822142	0.170493722354963	0.546126978588601	0.236226088447731	0.350499588326638	0.185979786024729	0.40771640183302	0.163355706731057	0.281415045534066	0.35087539666328	0.159064223559944	0.296840061280833	0.14702982397691	0.472154179753619	0.322406499789195	0.30019267597009	0.32459074859398	0.298165821482819	0.139373730829318	0.0752980848059093	0.486557692269014	0.308890604365732	0.242204632946759	0.138330636185413	0.338929430583351	0.374378165269075	0.271656577961936	0.186642762328907	0.319544818750004	0.190325786528732	0.222275552605264	0.362104932301021	0.141105792425099	0.294161966602653	0.251761812966347	0.308514369367323
"Disease32"	0.187270262368451	0.230143608995123	0.32104630873097	0.230537372043419	0.195718300894156	0.266725122379077	0.256238754078358	0.156950947606246	0.281468818005218	0.111147315359607	0.218454664045483	0.277709087802866	0.177734676528179	0.189048618072281	0.285285294749803	0.200909455636445	0.16086774026975	0.184227320567363	0.116605889267241	0.127844611467001	0.153559500496775	0.168622254618887	0.0899678721272211	0.319491020653111	0.464555154765346	0.279231687003637	0.142745521845752	0.293169964230098	0.178727987261209	0.223690527198977	0.116161797621342	0	0.175357615279743	0.133384149602058	0.569335195496739	0.238024062876572	0.354425294353053	0.16802849670638	0.432740695338308	0.170457268245791	0.28472217031028	0.320332579819117	0.194130035562722	0.304273734918046	0.139308293862334	0.49884241472399	0.339769294354739	0.289409233712267	0.314847017791988	0.255082878815778	0.100796018654932	0.111637746344183	0.519903971676154	0.313151974145754	0.220921630601342	0.146098874740065	0.349094796053269	0.385476641902829	0.266169384177368	0.16014681704928	0.270666202040156	0.139073086904032	0.212636835050476	0.366611899097972	0.156344216992368	0.291739245182096	0.223336349060867	0.270609974310582
