"Disease1"	"Disease2"	"Disease3"	"Disease4"	"Disease5"	"Disease6"	"Disease7"	"Disease8"	"Disease9"	"Disease10"	"Disease11"	"Disease12"	"Disease13"	"Disease14"	"Disease15"	"Disease16"	"Disease17"	"Disease18"	"Disease19"	"Disease20"	"Disease21"	"Disease22"	"Disease23"	"Disease24"	"Disease25"	"Disease26"	"Disease27"	"Disease28"	"Disease29"	"Disease30"	"Disease31"	"Disease32"	"Disease33"	"Disease34"	"Control1"	"Control2"	"Control3"	"Control4"	"Control5"	"Control6"	"Control7"	"Control8"	"Control9"	"Control10"	"Control11"	"Control12"	"Control13"	"Control14"	"Control15"	"Control16"	"Control17"	"Control18"	"Control19"	"Control20"	"Control21"	"Control22"	"Control23"	"Control24"	"Control25"	"Control26"	"Control27"	"Control28"	"Control29"	"Control30"	"Control31"	"Control32"	"Control33"	"Control34"
"Disease1"	0	0.512953684340536	0.852080975404148	0.539028444010774	0.465983322637392	0.594041023033662	0.62040800911279	0.589550874757855	0.610916000629909	0.493694936546899	0.520303365132098	0.48565022986306	0.559706277899909	0.412869438230684	0.718898696750683	0.477235891747171	0.410137987901734	0.322502878291203	0.591935654683214	0.439856950475086	0.550195443681759	0.504506391459486	0.495516767846471	0.491623803736944	0.86862670771863	0.73714476786853	0.542532387838915	0.643616300569048	0.44541181347896	0.543392460325019	0.532306825928296	0.507278206639429	0.385625038673431	0.579506147857396	0.907917524875315	0.620202290671285	0.769264478869354	0.590761605967831	0.836669813012826	0.598502657655146	0.818471389237679	0.735931911402013	0.68675208511674	0.68967222423816	0.548678016180446	0.869415884292628	0.75866475182307	0.667876895316803	0.730918001336237	0.55454901202687	0.52193447033039	0.494640000158638	0.93673711440846	0.670040327317241	0.535109998565695	0.56833501019843	0.747593339427142	0.776360264818082	0.644999286317729	0.457399406393548	0.594068572726036	0.491844869995787	0.696535781420665	0.817709605782569	0.53941957690846	0.76619008708424	0.478925591174256	0.567230795930348
"Disease2"	0.512953684340536	0	0.870804752670548	0.686515676145449	0.667676321687113	0.675728842585265	0.834664638807844	0.697281284667738	0.742199562368308	0.650928295443621	0.684364213905073	0.475083570632162	0.755185436216709	0.587039770072246	0.802639567869812	0.524603188292525	0.579727366430432	0.56618672210984	0.762197264166569	0.61620487470928	0.668181751125738	0.629603720974077	0.668711347689927	0.536250226830055	0.966143846821062	0.826344201503953	0.734994972513219	0.791886486756781	0.595590748899858	0.549335634005606	0.77681192546191	0.656532206931222	0.539827207169573	0.68751134634229	0.995488435409485	0.637601502321615	0.860809591407084	0.750822329929757	0.910988495858129	0.775222302583101	0.920287470512102	0.638195822662487	0.840952134707873	0.755743194096396	0.704796163901234	0.951367981362836	0.836076015341292	0.59092860173209	0.769713664796953	0.375417396732657	0.599253554289996	0.665797297702831	0.950148539742697	0.696993232855613	0.635768075565237	0.74382458675709	0.831828742628355	0.849770967545312	0.766462380040632	0.532449588473217	0.591779702713698	0.608473446659594	0.784038933992449	0.883098390136221	0.745347450926213	0.84574892398111	0.490603415475781	0.445759154034991
"Disease3"	0.852080975404148	0.870804752670548	0	0.759816477174435	0.762528269410906	0.855571379231238	0.883872220566761	0.720303665030592	0.752171825465746	0.876177126013807	0.809759063585079	0.774380620754168	0.65290019228268	0.857380067024112	0.868444929438957	0.809224725136934	0.853567665476836	0.868223042814477	0.860890019545275	0.807602803383833	0.867862970687969	0.836867724269061	0.786048190715645	0.798986456242454	0.572417903686888	0.695988412652518	0.794745138415415	0.791444606056673	0.841526238661185	0.745991266084839	0.799149578188478	0.888523265363789	0.817184692345931	0.843718053949319	0.960033070230433	0.751592085697334	0.802865679587197	0.860371120042493	0.55199717665044	0.872835173149263	0.833857433017533	0.81060041340675	0.84091622154189	0.657596683413503	0.869069632836742	0.849513615254108	0.852607105158874	0.818485517406601	0.857307432690566	0.763773448255344	0.831777541243695	0.887671235040956	0.68530342962356	0.75492340691264	0.832252275332672	0.793822440105273	0.586322441803418	0.819192199075274	0.78625303618766	0.812930291099768	0.821191581070606	0.720708863735711	0.841380990522727	0.733633296623236	0.828852290299761	0.907452813283972	0.658011037469201	0.815966402498021
"Disease4"	0.539028444010774	0.686515676145449	0.759816477174435	0	0.579225506744869	0.635068471396975	0.702692178667471	0.612138140732916	0.622724624906589	0.623763759959868	0.562287521329181	0.634500441590592	0.641439988553043	0.507325957309267	0.749855559442652	0.538857409962831	0.564927278794626	0.652486665450328	0.650553171632511	0.528965930115618	0.457666191056708	0.538672536180148	0.56714947931122	0.495190883046369	0.74360635717479	0.715043994372011	0.573844858355778	0.632667135535711	0.499212174496854	0.626444307805343	0.676065709191523	0.648406520901169	0.639418897535189	0.638260269510187	0.876739758832194	0.634941772909437	0.71320492968987	0.586595516614647	0.718257141663686	0.63653381460032	0.706499638486882	0.783434593447722	0.731951339290692	0.568127966530549	0.581083710737155	0.80572394763999	0.788843777975916	0.66375385889767	0.717905072019269	0.64195919269742	0.604367785762718	0.632025732912422	0.796842085364719	0.679063351584055	0.530766958616677	0.593924254952922	0.652739868868274	0.738748041512564	0.700165506608697	0.636820399545097	0.693458351155279	0.534656583065242	0.717345823445774	0.782844763436983	0.665832315563913	0.742633324742249	0.485059437740918	0.597444044629115
"Disease5"	0.465983322637392	0.667676321687113	0.762528269410906	0.579225506744869	0	0.530303490942303	0.676795491778599	0.590423182507917	0.594893414975888	0.530156237330776	0.50243731990461	0.49055883042855	0.661241011449888	0.349547503164906	0.675946462847537	0.42771957244609	0.383950998469383	0.514033249487309	0.600776682077717	0.428016728074279	0.589939163520273	0.530982236461152	0.572346465421508	0.485150527044176	0.758263935654862	0.714620157783447	0.614180513568226	0.608802390192591	0.411210139157719	0.617051205212167	0.636777709932944	0.570273652658202	0.491695973514001	0.631214325118847	0.862966514513316	0.584741029400271	0.703016673956305	0.560951426754908	0.765089804912641	0.591272278591492	0.761221578444793	0.736017350569247	0.651709819493612	0.671210903853869	0.558748593043714	0.808235830743846	0.733547439318882	0.666824818362783	0.689595553865399	0.571017273525249	0.526561087137734	0.61191592233626	0.933866852501819	0.592006059837713	0.517015042920359	0.555633176687802	0.677343546956234	0.725061969718078	0.610725280513954	0.578525004046343	0.505500516868636	0.438891640617489	0.707031497821585	0.711780492909638	0.632996728321936	0.715028542774834	0.516066260080004	0.604255477056822
"Disease6"	0.594041023033662	0.675728842585265	0.855571379231238	0.635068471396975	0.530303490942303	0	0.801230955397921	0.741628309907121	0.464401404588787	0.726627580548039	0.434544899002305	0.592738969507126	0.781871255735343	0.413311642694127	0.301711734382847	0.611132352214966	0.625944713065275	0.637380278018762	0.711119714274181	0.634543263328322	0.709883254910735	0.351659795959643	0.75609602764011	0.534220954928933	0.608397019689771	0.428512853017793	0.754965565050352	0.292284365276677	0.486381282585721	0.688866340699827	0.773322141391711	0.763013953441156	0.640495982681951	0.735797078969762	0.43701627062575	0.734078639359017	0.358476767320178	0.36283299122637	0.801824623998726	0.355609752187768	0.635695857791554	0.753064460816702	0.401258730035935	0.493116560485705	0.526251719439853	0.418379050307873	0.386302037782478	0.373596029604401	0.334263490700016	0.67056517782534	0.726346473273573	0.763144589920066	0.919083207321187	0.441800048352836	0.363475851436226	0.472925841058068	0.4243234465257	0.333676779726661	0.361475453376441	0.727434047701829	0.619012584082576	0.660985503619344	0.787568030939793	0.42405824544751	0.746091766683755	0.329807635452535	0.576318751685375	0.668276351373979
"Disease7"	0.62040800911279	0.834664638807844	0.883872220566761	0.702692178667471	0.676795491778599	0.801230955397921	0	0.657632671506226	0.769343193837815	0.662236828033256	0.708693553802832	0.729999289034729	0.70362916904685	0.67742227919592	0.848508439088443	0.705230341106023	0.662898430814525	0.648606188471905	0.744998675043899	0.626675840187967	0.635965500011219	0.726205080471803	0.683040993115258	0.740834367614312	0.908596035189469	0.871539147824685	0.657830032019802	0.786698955007523	0.644823474100108	0.755834482251578	0.657032687706225	0.696533885503926	0.641319200822506	0.695655144050271	0.958497948245888	0.737193562766253	0.854689814500965	0.761636578891435	0.885896402989608	0.775829854614238	0.728306361843636	0.893887291151968	0.810536393062651	0.848614013368465	0.749598479543668	0.926779913214752	0.864813051992005	0.860379836488928	0.888982396366276	0.766451621543996	0.712485245901041	0.673979472339556	0.954069164339648	0.795757396797128	0.724110853828515	0.730736608577902	0.858182997483354	0.880872499201553	0.7984435776453	0.65877933272909	0.788620267052164	0.655813278513435	0.715214001215869	0.890361866411585	0.596206129804863	0.85257601591068	0.734914331498144	0.723008162168669
"Disease8"	0.589550874757855	0.697281284667738	0.720303665030592	0.612138140732916	0.590423182507917	0.741628309907121	0.657632671506226	0	0.665285388418701	0.40903057724627	0.648635279084544	0.604241381181042	0.551370838263703	0.539553012306785	0.809659049009057	0.531511229391273	0.55780298480648	0.551544887938147	0.718442480437784	0.514423819701832	0.609002810516065	0.682864154572585	0.581286661747652	0.6078108591089	0.825854723981208	0.811704000876271	0.581967794171039	0.688438024574017	0.523641241262286	0.507040890146959	0.524544086308836	0.647296925286575	0.516379054278774	0.64275647779671	0.955604942726521	0.560376856053753	0.788797624726945	0.688102081753742	0.771926045683509	0.738999398784138	0.831725213948879	0.781670167932367	0.778358496076814	0.734161023180481	0.705852088900495	0.862309467474848	0.839252630064573	0.777995519533165	0.808076658329312	0.630219212413951	0.474292063644954	0.524924035160777	0.892263518670197	0.693814668801777	0.66857509487905	0.669786299516447	0.739631715340971	0.791865044157328	0.710698476432266	0.611946551041808	0.708263072661354	0.552458944524056	0.767737094388149	0.792232578687524	0.486524065742832	0.830241327869636	0.610173923285014	0.668687754294094
"Disease9"	0.610916000629909	0.742199562368308	0.752171825465746	0.622724624906589	0.594893414975888	0.464401404588787	0.769343193837815	0.665285388418701	0	0.632845804472475	0.349541480729219	0.62431789120936	0.53908475728042	0.489500663157357	0.42328469828151	0.626726860786921	0.608854063264806	0.693061360492376	0.626937679669056	0.570925353766776	0.679121917245047	0.387490959884873	0.625381201237986	0.595026646942103	0.495443202222227	0.346696643474963	0.516851990006766	0.340731796343668	0.428203041047868	0.557393938285207	0.589362969995608	0.684016308224192	0.639411745594025	0.644901995493879	0.642545818164891	0.695016326094116	0.495900428749133	0.35919040117278	0.653658174885488	0.391143258250043	0.684399830403081	0.822916320349068	0.430144627753521	0.348450263344559	0.43252221128922	0.558288110815047	0.486427716185315	0.489684070797037	0.47926643522093	0.723653420172144	0.654591622909966	0.670767303442979	0.775532098317105	0.490562729666468	0.412403782222337	0.365217412430806	0.390589395162731	0.540670953860989	0.415832207169546	0.616227536853425	0.751807084477941	0.586630399667399	0.732853414585043	0.572232422417014	0.632576323648611	0.528920974504262	0.519626536515365	0.757780194414328
"Disease10"	0.493694936546899	0.650928295443621	0.876177126013807	0.623763759959868	0.530156237330776	0.726627580548039	0.662236828033256	0.40903057724627	0.632845804472475	0	0.509817494379278	0.587656422448121	0.434575271260309	0.43449513340178	0.655245710344394	0.421678851152615	0.369835387466345	0.477865394412675	0.517249641988094	0.348124413197118	0.514944552317103	0.616445167477286	0.4123277606866	0.582603016410173	0.916937037599215	0.697144148845027	0.403308068107934	0.665143053125399	0.465894860625563	0.50346780230757	0.352570871831306	0.412761907904857	0.373797297963248	0.553937815600361	0.959022729915098	0.537423260638869	0.828179890260441	0.564181137559702	0.892611499572538	0.543279793723024	0.87499629907389	0.83150773175941	0.628546055252184	0.804587573555949	0.517009044081099	0.919146238897855	0.792021653078528	0.803125649006131	0.804271779161923	0.65896848752889	0.302781897663244	0.361905226939047	0.938980095422432	0.773679453333835	0.639740597709174	0.537190918545015	0.808309788064888	0.858658998867328	0.718522756269467	0.47437852378585	0.727791780757974	0.45196306393998	0.632165095511652	0.882433926262022	0.480443988907453	0.807134452779329	0.583757018695225	0.69537718499824
"Disease11"	0.520303365132098	0.684364213905073	0.809759063585079	0.562287521329181	0.50243731990461	0.434544899002305	0.708693553802832	0.648635279084544	0.349541480729219	0.509817494379278	0	0.564680098245319	0.584878671597533	0.41107290616739	0.36671623755352	0.472513426238164	0.490018465674636	0.636714082975143	0.508967837640901	0.453652662397631	0.581853517996062	0.28136820520666	0.47041784147709	0.555139578623435	0.609112537156091	0.394269357375753	0.521139076529394	0.344486070982294	0.391075420683023	0.627807450564541	0.54006787501109	0.508305640858123	0.563246473987189	0.601383813507882	0.654373166019392	0.641091673897526	0.490692188213325	0.320934012464494	0.762353443716669	0.265568336835601	0.638823651269709	0.775208647565208	0.353256665337145	0.461671935259483	0.354597562729975	0.593260867524173	0.481400717830711	0.466856546237828	0.513990109837141	0.653763550097986	0.496151459817987	0.587239332637123	0.904177047566287	0.472528752032238	0.321173295305819	0.267511303551011	0.488222360070048	0.529255997525256	0.399073078006826	0.482581825825497	0.719697973283317	0.435665774922757	0.5959130363303	0.538286442223546	0.617129747894493	0.515644961895781	0.504148854912201	0.682085251061552
"Disease12"	0.48565022986306	0.475083570632162	0.774380620754168	0.634500441590592	0.49055883042855	0.592738969507126	0.729999289034729	0.604241381181042	0.62431789120936	0.587656422448121	0.564680098245319	0	0.661289558653763	0.484625241783188	0.699638484098361	0.456988779352536	0.504705569445593	0.480031899264223	0.644014338906095	0.486858840548189	0.60595106281335	0.57611130500568	0.586968125807156	0.446006410257398	0.855720817695994	0.727254061180347	0.637796221806866	0.631282155103171	0.465648040396984	0.501576742413628	0.642553091855043	0.583564414264132	0.420298039816961	0.588476478578787	0.93514028044512	0.614403960512337	0.774988262895036	0.650854325390639	0.793225993878873	0.653773046690256	0.821715918903593	0.574725399459043	0.698771221240294	0.728938386939507	0.608549242296684	0.873358923914921	0.737756926599697	0.600144051214207	0.717033517823933	0.427200719924437	0.596286201346046	0.633573047759536	0.937199326779637	0.590199409143506	0.593586091175009	0.604719484057371	0.73111734939787	0.748992059727053	0.593395204555709	0.548132015497804	0.520495858622405	0.485294746536089	0.694592907216295	0.751169613422971	0.638391149414928	0.784592518643453	0.420026792720322	0.539114390415231
"Disease13"	0.559706277899909	0.755185436216709	0.65290019228268	0.641439988553043	0.661241011449888	0.781871255735343	0.70362916904685	0.551370838263703	0.53908475728042	0.434575271260309	0.584878671597533	0.661289558653763	0	0.612452817433123	0.725448438012826	0.570639700505851	0.451877398445947	0.551549354900542	0.602725880984589	0.468738461330179	0.559558540895877	0.678161774138212	0.409154856855129	0.640219087269765	0.639751501629927	0.572066125468138	0.391465514944879	0.636233679447279	0.560301999293072	0.475312452014346	0.415637041031426	0.517078094890432	0.434592837787353	0.538814169323345	0.963439975906614	0.621852937499914	0.836845544424336	0.540515750296592	0.60549543336765	0.593170799174126	0.912846172099989	0.902400963618703	0.710422618875036	0.659875009037347	0.54923393713088	0.881710623609967	0.82041781023893	0.866848279074281	0.872670350041016	0.740113758489179	0.511307375148872	0.463411229880388	0.629509790076918	0.814620613903065	0.694969871458067	0.600502015954247	0.558434970630543	0.871420346148663	0.741727007129218	0.542810132628253	0.768104452525101	0.555726136119353	0.730470619515739	0.916765998968184	0.511750821550554	0.836211860198518	0.504726301001717	0.76787007881541
"Disease14"	0.412869438230684	0.587039770072246	0.857380067024112	0.507325957309267	0.349547503164906	0.413311642694127	0.67742227919592	0.539553012306785	0.489500663157357	0.43449513340178	0.41107290616739	0.484625241783188	0.612452817433123	0	0.550906567075907	0.367071989330153	0.405218515671167	0.466654922001505	0.587799100883355	0.42069817572486	0.487847574498624	0.416160153605359	0.537776128220653	0.45809035127249	0.744046492717418	0.596196215256045	0.590776217454172	0.503173277983942	0.274684670839905	0.566310981509972	0.603940017434636	0.518211554500013	0.43730296107788	0.613985913414576	0.747134068917584	0.586046326254161	0.610950525332853	0.435670390827884	0.814380956227625	0.464605682954283	0.672769620151011	0.72225838997484	0.557093815462337	0.590923726184653	0.485410700025469	0.707684433580099	0.612290364896184	0.522162970309463	0.54552131254064	0.545460009626351	0.518047516828384	0.560069996070948	0.935184743567109	0.532608819328947	0.409463175397587	0.484060691970551	0.600714323889431	0.620200200491434	0.527787240975851	0.557567983456429	0.593318198102903	0.479737260317855	0.721300371441796	0.650052945925285	0.587504056450744	0.590014233259084	0.47640372377626	0.594004138769504
"Disease15"	0.718898696750683	0.802639567869812	0.868444929438957	0.749855559442652	0.675946462847537	0.301711734382847	0.848508439088443	0.809659049009057	0.42328469828151	0.655245710344394	0.36671623755352	0.699638484098361	0.725448438012826	0.550906567075907	0	0.671948501138398	0.686089491909353	0.799476395530179	0.603928439339058	0.648104112631764	0.759720564563614	0.41367222341211	0.694970183783889	0.705911379209912	0.605063695057783	0.287294639307603	0.660565312836106	0.224738296507675	0.553135131931003	0.761919615033406	0.660547193534477	0.677930926923248	0.730830718782397	0.734570299719298	0.405116442152873	0.754991191855534	0.383511523543474	0.359057802423341	0.800332845908632	0.237810184610524	0.634139949343995	0.84290354670497	0.245070201416714	0.558018915299275	0.456264526492028	0.398307033865106	0.305398736415371	0.41846877223779	0.366232276881783	0.805018959606055	0.676984065232456	0.758344977122011	0.923814642188101	0.491577811846168	0.47022987533069	0.368517852034237	0.452198171318645	0.321319407409041	0.341789356093344	0.674878901950511	0.839042264902255	0.650498400182941	0.686437783362502	0.402997262917418	0.767840946827296	0.344844886211553	0.694107730493691	0.847799570856371
"Disease16"	0.477235891747171	0.524603188292525	0.809224725136934	0.538857409962831	0.42771957244609	0.611132352214966	0.705230341106023	0.531511229391273	0.626726860786921	0.421678851152615	0.472513426238164	0.456988779352536	0.570639700505851	0.367071989330153	0.671948501138398	0	0.3366745799826	0.46816766057712	0.557688074722094	0.327360954875342	0.405788590811472	0.539412816231247	0.460354808525574	0.412598306050483	0.894328511406501	0.707308362700471	0.539255182306393	0.651134851689575	0.384540593708819	0.542490420861309	0.565904349294737	0.466363584049898	0.416592016234451	0.533445146557027	0.966076670451568	0.550887452752929	0.80656558523509	0.569920108952025	0.851373198545834	0.58547365684725	0.872085699384639	0.731109941150817	0.677226135366548	0.722424844056759	0.538288594048137	0.903414394701626	0.786295376487594	0.720793791691208	0.774693501711193	0.510356849599477	0.388273829138332	0.544290219326364	0.924190445544226	0.71394068289187	0.52964045939787	0.541633642299511	0.761444582942468	0.812162512646506	0.673921258249849	0.470933481834284	0.504808325172628	0.340509229804331	0.62066458090747	0.841835844926681	0.625090995510879	0.809279881723097	0.436673999652769	0.486032671447624
"Disease17"	0.410137987901734	0.579727366430432	0.853567665476836	0.564927278794626	0.383950998469383	0.625944713065275	0.662898430814525	0.55780298480648	0.608854063264806	0.369835387466345	0.490018465674636	0.504705569445593	0.451877398445947	0.405218515671167	0.686089491909353	0.3366745799826	0	0.453457752666986	0.525111543746547	0.263842151103241	0.397689638426242	0.52034367648202	0.340081243428118	0.457345863826156	0.900220438932428	0.728764545745441	0.443744455239668	0.636559296158113	0.422141505178146	0.438553385284152	0.516326070560393	0.415201959741445	0.345248328124935	0.443642937876334	0.945816221919	0.521922390337974	0.800224079575726	0.456240086888996	0.87181701683736	0.531895919152415	0.856772339139511	0.762528058684122	0.659394726907088	0.722962510735537	0.462975430992881	0.903762753367509	0.778253137783382	0.739762091219778	0.767673571285661	0.586436191112698	0.358566415159519	0.409661457383841	0.940866318694614	0.720732332490117	0.537894534971299	0.537488159940567	0.779954695206909	0.81923920876944	0.678406252630127	0.471174876124966	0.557590106295961	0.386024471596129	0.636152546807097	0.852169803004972	0.575152877750075	0.787784272953109	0.474702851256998	0.602744980760687
"Disease18"	0.322502878291203	0.56618672210984	0.868223042814477	0.652486665450328	0.514033249487309	0.637380278018762	0.648606188471905	0.551544887938147	0.693061360492376	0.477865394412675	0.636714082975143	0.480031899264223	0.551549354900542	0.466654922001505	0.799476395530179	0.46816766057712	0.453457752666986	0	0.668465816478877	0.470416768155883	0.578257244530609	0.63808431480825	0.55938754969155	0.513272192674793	0.96267020625715	0.836645959162478	0.592856207436549	0.741509249494995	0.471070526694071	0.534402386648566	0.531685350576163	0.550461672187601	0.308572947416184	0.591846029445377	0.993608738225268	0.602663300622266	0.84847817993545	0.65281725297101	0.912477476919092	0.700605057459467	0.91578010588432	0.73890563914659	0.795036885117054	0.799965445889514	0.656058900656927	0.949619377488969	0.842316816500678	0.744704955069776	0.800310207923246	0.546803673835016	0.549419902141965	0.523942467315517	0.946775755101325	0.733765046084129	0.614311600044478	0.677467081634049	0.823489713160725	0.858836444953985	0.74171737895496	0.503054129255465	0.552128483948712	0.550057283050812	0.786187115164273	0.888111423581619	0.549973392672033	0.835396304517347	0.506189993165936	0.563427108159377
"Disease19"	0.591935654683214	0.762197264166569	0.860890019545275	0.650553171632511	0.600776682077717	0.711119714274181	0.744998675043899	0.718442480437784	0.626937679669056	0.517249641988094	0.508967837640901	0.644014338906095	0.602725880984589	0.587799100883355	0.603928439339058	0.557688074722094	0.525111543746547	0.668465816478877	0	0.450915128410483	0.598632403457382	0.601690011479295	0.509889494435932	0.627278409354117	0.878980210576334	0.662626053586802	0.508319154046956	0.634111051459414	0.556454728180096	0.66774524742489	0.424460829795271	0.344366900028332	0.588132579204807	0.613079784627613	0.907018209960322	0.615299604180263	0.791914802504406	0.559767647665412	0.807328179888343	0.49919067603718	0.843285598364027	0.803978626017343	0.52322944489258	0.780584646136516	0.398553010546915	0.872490674399772	0.690586586578668	0.779059347980815	0.800160038555587	0.748033854697785	0.507908864331105	0.538261649456127	0.942849569434895	0.666376824514783	0.650691632276418	0.444057036164212	0.788323700341181	0.762810988252959	0.615690042193116	0.514439910461477	0.780115165142075	0.520552864643632	0.646728158767047	0.784195491625444	0.694201924932873	0.775822334946483	0.611270908074303	0.757894627418694
"Disease20"	0.439856950475086	0.61620487470928	0.807602803383833	0.528965930115618	0.428016728074279	0.634543263328322	0.626675840187967	0.514423819701832	0.570925353766776	0.348124413197118	0.453652662397631	0.486858840548189	0.468738461330179	0.42069817572486	0.648104112631764	0.327360954875342	0.263842151103241	0.470416768155883	0.450915128410483	0	0.425501163335922	0.536214869723468	0.395029956127436	0.431635935819679	0.871707391345852	0.672861574568831	0.391932987624298	0.597212326074118	0.404547134684074	0.45087526030326	0.437009590364167	0.405316289066102	0.382797327595764	0.454357905507754	0.936336366842218	0.495901103671595	0.779879376079324	0.489153627211782	0.824343542950659	0.515615056422187	0.806064487482896	0.76151951923178	0.602792595051235	0.716147812716206	0.444958902123342	0.871611835033212	0.750118929360741	0.736104899400832	0.766536325902687	0.603282755753896	0.367739145900986	0.392017396490913	0.91584422724583	0.686142547273641	0.521502083075259	0.478144464913748	0.747907383918751	0.787708416892353	0.618391992301248	0.442473876744067	0.592144085639836	0.351686402322455	0.589550228126767	0.817760823146247	0.534885607727804	0.779783493005854	0.468472468359644	0.598579575865247
"Disease21"	0.550195443681759	0.668181751125738	0.867862970687969	0.457666191056708	0.589939163520273	0.709883254910735	0.635965500011219	0.609002810516065	0.679121917245047	0.514944552317103	0.581853517996062	0.60595106281335	0.559558540895877	0.487847574498624	0.759720564563614	0.405788590811472	0.397689638426242	0.578257244530609	0.598632403457382	0.425501163335922	0	0.578650551338675	0.434853306140366	0.540514542148262	0.926432922650151	0.784800344255442	0.502379984158378	0.71600643211644	0.446806767738209	0.552296938835143	0.625024938642401	0.53096387075462	0.497481201896809	0.453985591119426	0.965836162502202	0.584070844970238	0.833117202545673	0.4980325686519	0.890255636948008	0.61049967434826	0.76165500299926	0.836328000873452	0.748782122265478	0.776931944380936	0.536992877137224	0.934934459091907	0.81277306625988	0.795858687379862	0.830935771732038	0.643967154878019	0.471317606215568	0.512313774590569	0.939443141547151	0.768759457849332	0.578875887839076	0.603432629561354	0.824567279827811	0.859935549902221	0.734630837524315	0.587127081694251	0.700200278182477	0.48002535876379	0.638744207330945	0.893216259816325	0.653120002849424	0.813344372116146	0.563362064160729	0.615667791633854
"Disease22"	0.504506391459486	0.629603720974077	0.836867724269061	0.538672536180148	0.530982236461152	0.351659795959643	0.726205080471803	0.682864154572585	0.387490959884873	0.616445167477286	0.28136820520666	0.57611130500568	0.678161774138212	0.416160153605359	0.41367222341211	0.539412816231247	0.52034367648202	0.63808431480825	0.601690011479295	0.536214869723468	0.578650551338675	0	0.569031021415943	0.515098499261822	0.606370671446084	0.448491506746838	0.626566905202126	0.362456073247908	0.401013433538603	0.641512682455122	0.667569283791617	0.576480165833773	0.591045590438252	0.60216246855079	0.616296894879265	0.65844604122939	0.467357603162858	0.308478454578468	0.797478720252722	0.316584212397766	0.634720273395457	0.778959656788031	0.405410500054002	0.447320818050449	0.408489041336381	0.573376235844225	0.443434347536399	0.417621793495756	0.440270961298288	0.581482514678427	0.574344970529985	0.622458508282657	0.928081967947261	0.477965299828764	0.296668976304606	0.359095943781135	0.470344919005348	0.495680132370555	0.371155778856983	0.504657657114365	0.683475352707157	0.497070298008649	0.658301360797626	0.542335815475976	0.676830561229498	0.468952135174041	0.498206902913988	0.587301247395878
"Disease23"	0.495516767846471	0.668711347689927	0.786048190715645	0.56714947931122	0.572346465421508	0.75609602764011	0.683040993115258	0.581286661747652	0.625381201237986	0.4123277606866	0.47041784147709	0.586968125807156	0.409154856855129	0.537776128220653	0.694970183783889	0.460354808525574	0.340081243428118	0.55938754969155	0.509889494435932	0.395029956127436	0.434853306140366	0.569031021415943	0	0.591790332786163	0.859587834022238	0.686988813447942	0.407162661231429	0.619622153887156	0.516659575817725	0.502593295270793	0.463481759857693	0.361589698653416	0.441696387621163	0.437913993502997	0.976053296396186	0.566068477991935	0.802944072635789	0.51025667965221	0.825644910414259	0.540683348101964	0.889135282636578	0.807992349166677	0.663714719649682	0.741973675197292	0.49039694908613	0.91346945223487	0.789327586078071	0.769649134990182	0.846837301705948	0.629256659603126	0.385383309789779	0.461990881606202	0.898638389761539	0.743295977716556	0.636132242882881	0.531708027954322	0.782301108663175	0.813772547651207	0.692350221965739	0.409483936607202	0.739773968435123	0.422547793505195	0.648580090900167	0.851764075879188	0.591141625203068	0.83447292244983	0.55729170289575	0.637089058876946
"Disease24"	0.491623803736944	0.536250226830055	0.798986456242454	0.495190883046369	0.485150527044176	0.534220954928933	0.740834367614312	0.6078108591089	0.595026646942103	0.582603016410173	0.555139578623435	0.446006410257398	0.640219087269765	0.45809035127249	0.705911379209912	0.412598306050483	0.457345863826156	0.513272192674793	0.627278409354117	0.431635935819679	0.540514542148262	0.515098499261822	0.591790332786163	0	0.799495711889686	0.717812217322087	0.580001682908966	0.642018376036638	0.449909218208622	0.505803888627817	0.668169022591155	0.648754449022092	0.517794400128596	0.584098732457592	0.88546547867835	0.602953039830523	0.71751214467913	0.54885737036838	0.777085137533876	0.622284653293283	0.803151667393884	0.724567234251626	0.716454206683595	0.632123224162029	0.552696072461222	0.810552009126838	0.751823932071492	0.668646529592895	0.698370652972069	0.552702105365015	0.573958859221606	0.610203926303051	0.892288155055001	0.659799604392403	0.473204911399992	0.58035608656977	0.692068766009046	0.737302119971366	0.630296258727765	0.606059768646875	0.513562176525409	0.489587415682188	0.70521009660586	0.784290587099699	0.634367662754735	0.734617349224482	0.417160565513749	0.517689182652353
"Disease25"	0.86862670771863	0.966143846821062	0.572417903686888	0.74360635717479	0.758263935654862	0.608397019689771	0.908596035189469	0.825854723981208	0.495443202222227	0.916937037599215	0.609112537156091	0.855720817695994	0.639751501629927	0.744046492717418	0.605063695057783	0.894328511406501	0.900220438932428	0.96267020625715	0.878980210576334	0.871707391345852	0.926432922650151	0.606370671446084	0.859587834022238	0.799495711889686	0	0.408702331567215	0.798605717181365	0.513722960790517	0.735070502347083	0.823737334009545	0.870638536707836	0.96288360325341	0.950094307412169	0.917872369086595	0.620942616467078	0.892434922210055	0.538551212805025	0.595021178416827	0.416164500895916	0.608004818176668	0.683495621269504	0.885237988056249	0.604127604109034	0.380849367208574	0.720773761111708	0.538525360575537	0.605416029197409	0.597866154528837	0.589855379188369	0.900838002969888	0.909996410743774	0.931435107672202	0.562027389126671	0.58151812444131	0.613410460118483	0.609381149848893	0.247925732154355	0.572021640784708	0.558294219339095	0.940012679411847	0.930696633134854	0.786983097073845	0.883717959458378	0.558561892732016	0.854772447120148	0.627155063529572	0.707028110871219	0.927221545564972
"Disease26"	0.73714476786853	0.826344201503953	0.695988412652518	0.715043994372011	0.714620157783447	0.428512853017793	0.871539147824685	0.811704000876271	0.346696643474963	0.697144148845027	0.394269357375753	0.727254061180347	0.572066125468138	0.596196215256045	0.287294639307603	0.707308362700471	0.728764545745441	0.836645959162478	0.662626053586802	0.672861574568831	0.784800344255442	0.448491506746838	0.686988813447942	0.717812217322087	0.408702331567215	0	0.609320508786324	0.294812151101851	0.570698974996624	0.72194304351284	0.630114584541044	0.736669942232754	0.781956962257916	0.785529401703723	0.520678392679522	0.781330209518816	0.418041472197353	0.39588320389306	0.611994135985204	0.328082490541065	0.65541178634368	0.83972948736089	0.327319225447804	0.39593331641679	0.496016005067429	0.437308649161805	0.387156531240757	0.46880846774035	0.45628717373552	0.834708043285857	0.722375727499984	0.796393006567388	0.730558801932478	0.513086396824365	0.504603401105142	0.401497246789823	0.312201053264288	0.451921819600168	0.397217303613796	0.725933740692111	0.835457540317258	0.664035790738329	0.708012120446268	0.492135520840911	0.774529909132831	0.458810809681937	0.576964303749512	0.878770099105565
"Disease27"	0.542532387838915	0.734994972513219	0.794745138415415	0.573844858355778	0.614180513568226	0.754965565050352	0.657830032019802	0.581967794171039	0.516851990006766	0.403308068107934	0.521139076529394	0.637796221806866	0.391465514944879	0.590776217454172	0.660565312836106	0.539255182306393	0.443744455239668	0.592856207436549	0.508319154046956	0.391932987624298	0.502379984158378	0.626566905202126	0.407162661231429	0.580001682908966	0.798605717181365	0.609320508786324	0	0.619300788743468	0.532414291420434	0.481114050412493	0.380918200451997	0.462116215638946	0.496558147640365	0.553791598421511	0.931768423747261	0.599117848188323	0.792528307900888	0.542279622176003	0.72620244546876	0.522675113955244	0.836092887303723	0.864113387304721	0.607571139613077	0.60541446692054	0.460391539396128	0.846153395988091	0.793985549574186	0.796168565034027	0.818370710867204	0.708276740958058	0.449708634730147	0.453297169469326	0.825922891652263	0.766571568855809	0.656316184544774	0.482637088874203	0.727369523188357	0.825004254801854	0.699025435155369	0.44921728431368	0.763025956378653	0.446314399037945	0.597939658600254	0.876221066654439	0.461248588560897	0.821934162376268	0.570303126175763	0.708404087488446
"Disease28"	0.643616300569048	0.791886486756781	0.791444606056673	0.632667135535711	0.608802390192591	0.292284365276677	0.786698955007523	0.688438024574017	0.340731796343668	0.665143053125399	0.344486070982294	0.631282155103171	0.636233679447279	0.503173277983942	0.224738296507675	0.651134851689575	0.636559296158113	0.741509249494995	0.634111051459414	0.597212326074118	0.71600643211644	0.362456073247908	0.619622153887156	0.642018376036638	0.513722960790517	0.294812151101851	0.619300788743468	0	0.496824152599859	0.649855422117613	0.636855412713817	0.701776526861438	0.673056140690772	0.681687563940588	0.448096317399044	0.734367834723973	0.347344609713952	0.303531603741425	0.694916467640149	0.280317404800882	0.634014376421373	0.81216522472524	0.283850836102563	0.455357102607988	0.486307656033031	0.393096071255316	0.324711469636514	0.411378696949736	0.380300740644915	0.766302710156222	0.687672453075437	0.718555552206316	0.842496599019785	0.449079232209156	0.439892306906258	0.379657263808839	0.37346655059154	0.315602122976061	0.282533969901135	0.663288596947125	0.787072307259434	0.628462487912098	0.729108034629453	0.399703576961922	0.672296240630522	0.363034584137847	0.620662117368136	0.802672985229027
"Disease29"	0.44541181347896	0.595590748899858	0.841526238661185	0.499212174496854	0.411210139157719	0.486381282585721	0.644823474100108	0.523641241262286	0.428203041047868	0.465894860625563	0.391075420683023	0.465648040396984	0.560301999293072	0.274684670839905	0.553135131931003	0.384540593708819	0.422141505178146	0.471070526694071	0.556454728180096	0.404547134684074	0.446806767738209	0.401013433538603	0.516659575817725	0.449909218208622	0.735070502347083	0.570698974996624	0.532414291420434	0.496824152599859	0	0.542215074235804	0.567983366701325	0.530566387342467	0.439867429847174	0.533452287648767	0.77843711574523	0.549479650324604	0.639730925018992	0.42511394500927	0.786793007138083	0.466476392086472	0.694261637002824	0.731854770905688	0.554077110847094	0.565744295283521	0.391205405482733	0.727953357251403	0.610276157496683	0.535661538338721	0.586070617154627	0.547598619305026	0.493009516870265	0.542752092058664	0.931722332182681	0.513129811178578	0.38971713430099	0.427352741395074	0.603817936964129	0.644708768205372	0.489868888678135	0.503755617976911	0.611081507108291	0.450391022062627	0.69739958235417	0.667700271682943	0.584261518510499	0.631519162002113	0.454770050284572	0.562777746933326
"Disease30"	0.543392460325019	0.549335634005606	0.745991266084839	0.626444307805343	0.617051205212167	0.688866340699827	0.755834482251578	0.507040890146959	0.557393938285207	0.50346780230757	0.627807450564541	0.501576742413628	0.475312452014346	0.566310981509972	0.761919615033406	0.542490420861309	0.438553385284152	0.534402386648566	0.66774524742489	0.45087526030326	0.552296938835143	0.641512682455122	0.502593295270793	0.505803888627817	0.823737334009545	0.72194304351284	0.481114050412493	0.649855422117613	0.542215074235804	0	0.578861380933016	0.616972348668027	0.481760453073603	0.456413703398284	0.958745408618112	0.562027665422136	0.796525962917491	0.555503315341209	0.771644201857169	0.655502954555819	0.890059336211487	0.736293585501919	0.751725366116441	0.65628649520998	0.557297741069669	0.855806510058307	0.79890258189996	0.726166967052598	0.765538481367838	0.564004066776213	0.530309894136564	0.521821467145645	0.843570376037165	0.692547628800947	0.624897058151195	0.647746391158724	0.699286021752898	0.805325427284522	0.629767353726521	0.570487445642825	0.666994245543403	0.558685008040875	0.765441277194491	0.841851794687817	0.617594857696465	0.815373809507413	0.477561240588698	0.61784527701722
"Disease31"	0.532306825928296	0.77681192546191	0.799149578188478	0.676065709191523	0.636777709932944	0.773322141391711	0.657032687706225	0.524544086308836	0.589362969995608	0.352570871831306	0.54006787501109	0.642553091855043	0.415637041031426	0.603940017434636	0.660547193534477	0.565904349294737	0.516326070560393	0.531685350576163	0.424460829795271	0.437009590364167	0.625024938642401	0.667569283791617	0.463481759857693	0.668169022591155	0.870638536707836	0.630114584541044	0.380918200451997	0.636855412713817	0.567983366701325	0.578861380933016	0	0.381834269607096	0.444480058327971	0.626762218519378	0.95720899644301	0.627597749371835	0.829783965561688	0.609620781006187	0.815945930536953	0.561843640686738	0.892902363673409	0.859418593036313	0.544692852140894	0.775562663054244	0.475243738184015	0.87368675907113	0.788725437402817	0.849372055576757	0.858280736777273	0.763140401189097	0.509390188896413	0.397698955618727	0.877781538145952	0.763426222116242	0.708758481614496	0.510781112182595	0.771824599059976	0.844186136081854	0.720031597384293	0.430746268614592	0.780202773640014	0.509888310992797	0.65678202970061	0.859996557422575	0.399713461986269	0.82680705222228	0.606298026336522	0.786045514796724
"Disease32"	0.507278206639429	0.656532206931222	0.888523265363789	0.648406520901169	0.570273652658202	0.763013953441156	0.696533885503926	0.647296925286575	0.684016308224192	0.412761907904857	0.508305640858123	0.583564414264132	0.517078094890432	0.518211554500013	0.677930926923248	0.466363584049898	0.415201959741445	0.550461672187601	0.344366900028332	0.405316289066102	0.53096387075462	0.576480165833773	0.361589698653416	0.648754449022092	0.96288360325341	0.736669942232754	0.462116215638946	0.701776526861438	0.530566387342467	0.616972348668027	0.381834269607096	0	0.444435273879887	0.569624967971749	0.995621571892911	0.578121046544069	0.869999869614049	0.601054458716477	0.906795983716418	0.549750328541013	0.917448163087983	0.831222262721545	0.609018817691408	0.823258574693074	0.447139514247956	0.956116792192459	0.799204730745786	0.791095436736151	0.859788840594636	0.620932669701339	0.366599700632922	0.471649735658836	0.951568106703182	0.777660885173589	0.657752741503064	0.523555437050576	0.858238209971333	0.877867823524026	0.732780114378419	0.381850284870142	0.724562135103451	0.438950123478326	0.669384799230428	0.899488515820914	0.650667169784155	0.854852447500419	0.594741909780371	0.640098950687318
