"Disease1"	"Disease2"	"Disease3"	"Disease4"	"Disease5"	"Disease6"	"Disease7"	"Disease8"	"Disease9"	"Disease10"	"Disease11"	"Disease12"	"Disease13"	"Disease14"	"Disease15"	"Disease16"	"Disease17"	"Disease18"	"Disease19"	"Disease20"	"Disease21"	"Disease22"	"Disease23"	"Disease24"	"Disease25"	"Disease26"	"Disease27"	"Disease28"	"Disease29"	"Disease30"	"Disease31"	"Disease32"	"Disease33"	"Disease34"	"Control1"	"Control2"	"Control3"	"Control4"	"Control5"	"Control6"	"Control7"	"Control8"	"Control9"	"Control10"	"Control11"	"Control12"	"Control13"	"Control14"	"Control15"	"Control16"	"Control17"	"Control18"	"Control19"	"Control20"	"Control21"	"Control22"	"Control23"	"Control24"	"Control25"	"Control26"	"Control27"	"Control28"	"Control29"	"Control30"	"Control31"	"Control32"	"Control33"	"Control34"
"Disease1"	0	0.989684521166765	0.883872829206469	0.674445330311529	0.633074758820862	0.606018838194887	0.616455383006274	0.631780584886123	0.574362183914325	0.565214249297098	0.480830096056652	0.62190427630978	0.965308192375172	0.772641433033247	0.599913746013532	0.688212890635939	0.798586320833934	0.83568477967674	0.651525870337797	0.60714256248125	0.882447767207849	0.821299812083478	0.553259536323729	0.735101082287622	0.640236503573124	0.589051627636385	0.713926705943217	0.491573229668695	0.93819661938811	0.618879139236209	0.574529396338143	0.792309878243052	0.747856792440348	0.981002038127341	0.709334625135434	0.576589762655454	0.654632505295181	0.681460821662403	0.543772449032108	0.516935669124617	0.680352232190604	0.575115379163732	0.662230143722645	0.550705242344343	0.365086402354456	0.812645358907031	0.506363615656334	0.77492160517066	0.635939536869851	0.897886054403434	0.796815250423822	0.766297480021288	0.865471252162038	0.676768077184958	0.615230662461077	0.91099633386922	0.574005114283873	0.567560558452633	0.520534506906619	0.998019014051316	0.80583773692934	0.416421235942023	0.883985420704515	0.607048059812897	0.567470318874272	0.813880664888983	0.959060363902655	0.926539874490075
"Disease2"	0.989684521166765	0	0.996773364086881	0.987520000214207	0.987470091222932	0.990536357559354	0.980773839886664	0.988781884229051	0.991167616957174	0.987066191633623	0.952295647040278	0.985485139718645	0.0824645773913412	0.778796072297735	0.997220737622655	0.983444854075406	0.823004672908969	0.909562723503064	0.994337456958916	0.985263196282434	0.474843151977879	0.491312740723841	0.986763383559428	0.431584011694115	0.998578396307649	0.995796589701944	0.693777571583448	0.998421215221351	0.0750499886071415	0.981031728251598	0.984753500101155	0.951005086538201	0.969059437202871	0.0123629885073576	0.999653123633998	0.989594069221915	0.997891999609409	0.991065325880217	0.991475276125327	0.999167419268042	0.998814526044102	0.988273030857225	0.997048315983134	0.992484364487686	0.99102580178295	0.999027020678787	0.99851427476945	0.991027391105548	0.994149407135837	0.989745279483934	0.578708136626239	0.988073138382905	0.995483973530859	0.99449061200155	0.990774092659673	0.111872112148696	0.995913871369249	0.998461239052007	0.991053936413126	0.00938127461502006	0.988689246231589	0.990461531769018	0.988690351935226	0.994304450462687	0.991359052600517	0.992775603295532	0.0506653169230233	0.989933441703038
"Disease3"	0.883872829206469	0.996773364086881	0	0.905078159677453	0.874281023654336	0.889908325329708	0.88171288477171	0.867549265632534	0.877314301002147	0.891049056085419	0.916396118963886	0.868864207670143	0.958430327824021	0.924380318141278	0.906311804847214	0.847311031672151	0.902628863124541	0.901214608705463	0.878468182703309	0.871151453472233	0.927177224767605	0.902087740098308	0.870441428041519	0.87908231401287	0.874863832468779	0.883520029121924	0.879457016959248	0.883782125618969	0.93806381268931	0.853295282805251	0.879976201288873	0.936032092416793	0.874285173126732	0.987969269294728	0.894603067475387	0.88643892595435	0.921012980442119	0.909560073137677	0.850313457334789	0.889670758848522	0.895292790860041	0.886557797888552	0.888170112703463	0.867176253752389	0.91734223210878	0.892667874598538	0.895914381686921	0.923234510982511	0.880456578567285	0.938996243814181	0.868593651158751	0.910375455629245	0.962056247844558	0.879225559985722	0.867063147514206	0.916124202561436	0.890040880897324	0.884990180514844	0.880317910791337	0.998592572874109	0.903527299313195	0.882761005040794	0.952764693184349	0.906433244067127	0.829319915491621	0.907668470140411	0.960747123460195	0.933145951967534
"Disease4"	0.674445330311529	0.987520000214207	0.905078159677453	0	0.722943144663139	0.673599957660341	0.747563281946808	0.633074607517097	0.689825880969495	0.580417171378713	0.657287645395916	0.525073439417923	0.948730423238069	0.631528621329222	0.721809595991328	0.668260525331722	0.779305633850964	0.799674125342506	0.646626320749074	0.774451419298408	0.902662988699547	0.806590410059257	0.781403753045324	0.765830233942476	0.683593800348683	0.551112578067808	0.754392091786103	0.689540966199133	0.951285009311059	0.704257092553058	0.517536314130017	0.826113568720333	0.646732230934908	0.978808652723287	0.68122879212123	0.678803377090433	0.853421185335032	0.672429854042419	0.623810049444763	0.784499278016019	0.76096245901593	0.634842274032858	0.735189099803503	0.654726019691472	0.679160628739715	0.81767447902669	0.672185499763214	0.697271706027582	0.645430966844174	0.866961987478131	0.745011601900123	0.633530233111442	0.959620211397845	0.596982644597552	0.516148885160495	0.911952807864628	0.711945345863719	0.662607159737999	0.622165412674267	0.996001520481405	0.721800189762069	0.68508918331878	0.903850177435872	0.711543396128855	0.681830878227925	0.770507267972645	0.956028924098214	0.789510406805107
"Disease5"	0.633074758820862	0.987470091222932	0.874281023654336	0.722943144663139	0	0.632449719976276	0.71861859627166	0.558429482125861	0.441070822642618	0.741925523342673	0.719735373315031	0.626082268813593	0.965484023362403	0.588738840426925	0.394574878621212	0.65184633740615	0.587739562659346	0.80731508979321	0.501915797822159	0.566970566340105	0.906317220677521	0.698784910018857	0.696587868977768	0.761894459507134	0.562108814902386	0.52439802030782	0.759394961022288	0.559646626534874	0.926540457696952	0.521220883424109	0.484139686452306	0.841440706308075	0.733317222829712	0.979746142811693	0.355438993037908	0.644031919199892	0.627358459520708	0.463146417249643	0.519558562371682	0.54776313756093	0.633397608072157	0.597076440142989	0.356887676123961	0.4641051996195	0.73883922171456	0.700676085520635	0.717748144482045	0.545743102445655	0.3430517290171	0.926223626665864	0.808581306846271	0.529393570575582	0.896953459991392	0.469602661577931	0.621550162933095	0.893501718023776	0.532334549273724	0.507807753356755	0.542289559938386	0.995550953286638	0.785968749793002	0.675825080379672	0.927294260094724	0.6397381317652	0.666059656206925	0.588111469038833	0.950346263212459	0.927322201065389
"Disease6"	0.606018838194887	0.990536357559354	0.889908325329708	0.673599957660341	0.632449719976276	0	0.733613933381921	0.563248461619926	0.524391479837378	0.469710650831076	0.676645746055482	0.534725733586859	0.957734165179677	0.756862601379286	0.714897623319916	0.641615039225249	0.79558084300775	0.853207446771518	0.398538355969255	0.680567799510978	0.91145010790932	0.784095697381007	0.56342085499612	0.669532959090489	0.66316681058637	0.535839557077354	0.749842768262438	0.329090616262036	0.935564254834033	0.593766049073973	0.450511017492258	0.823088240218401	0.769759612405413	0.983122378526703	0.587030299010055	0.578629885843401	0.690606949975391	0.688111954826678	0.502674811089061	0.507701711573647	0.758532608282165	0.328888328237124	0.433836473889328	0.492285902436229	0.700218478571243	0.802627470394733	0.501546995074091	0.769718540897864	0.650693330832388	0.926266324258415	0.793674064893462	0.627421423528448	0.956065506035828	0.52217594087055	0.543561354215988	0.897668336541618	0.432593838493716	0.637333213510082	0.599470347567048	0.998657991287701	0.792655472700748	0.489256404047393	0.918883093751557	0.427772012744411	0.614226543715886	0.398631025360794	0.950558224085278	0.931169890511006
"Disease7"	0.616455383006274	0.980773839886664	0.88171288477171	0.747563281946808	0.71861859627166	0.733613933381921	0	0.582462189674441	0.60810143237601	0.669646885573907	0.722872783009372	0.683125646770328	0.949330830015639	0.791237111252997	0.756048684230082	0.631171664938353	0.698773145963307	0.753971409207681	0.640467859171424	0.607738301124227	0.858317690708761	0.716806778831864	0.6280129214439	0.772947966351548	0.651634345375835	0.675935435515362	0.750868311688731	0.757243212512614	0.939510404715939	0.655066088387082	0.633514813174564	0.855803972078736	0.760676553505353	0.973453619070389	0.726357218676658	0.755847310339688	0.690512588333424	0.714724956065364	0.639548264205995	0.737279068587016	0.662393488137374	0.71879373701501	0.751421661472951	0.640096124614827	0.778536785255004	0.713887759348513	0.7501156264764	0.748049053012371	0.633645721226114	0.901079339431735	0.839721932057483	0.772653380377233	0.921924256222614	0.728296898540346	0.633931770662844	0.902015370695529	0.769081469597539	0.661454455551428	0.662791817792299	0.98877599276009	0.802961784033272	0.767540414866882	0.929484644538617	0.777756651144192	0.732756621883462	0.768410819460092	0.953141899028381	0.926613414633578
"Disease8"	0.631780584886123	0.988781884229051	0.867549265632534	0.633074607517097	0.558429482125861	0.563248461619926	0.582462189674441	0	0.537506715260366	0.406737831604337	0.772292373128936	0.518176585653192	0.947500502295436	0.73387336239439	0.559744398971698	0.535191518219648	0.591698348289673	0.756706698085116	0.411916302302063	0.527823840613774	0.894470894511756	0.610486331302365	0.712414212878174	0.703590220301423	0.492974206421497	0.464497738093152	0.71161398151464	0.613644172505857	0.941888922073111	0.517248196548289	0.448455393812331	0.882320612022223	0.672269428335209	0.982976058900209	0.510735863064017	0.654303310798377	0.782931637521426	0.593709526619684	0.4726590574044	0.610568988478122	0.586915363189019	0.548415863733897	0.630278297916767	0.447655037365206	0.730630998491025	0.624538084661845	0.639587748239629	0.709401761899072	0.489344338392703	0.897139502004435	0.774798093928896	0.589376478053696	0.902123987084888	0.465731193280896	0.498775137481515	0.895163654820125	0.586812163780716	0.458472888549916	0.446349624554779	0.996219677378377	0.695689064853521	0.695945598247849	0.922417993587987	0.692080542062018	0.643571062843482	0.564632199284585	0.952388251103485	0.900620905223492
"Disease9"	0.574362183914325	0.991167616957174	0.877314301002147	0.689825880969495	0.441070822642618	0.524391479837378	0.60810143237601	0.537506715260366	0	0.665066724424556	0.685771951770096	0.593942826328678	0.944005816455875	0.68135200663995	0.597720009228251	0.531157178484086	0.587413373157106	0.785789197207634	0.390481986014156	0.51291226891204	0.89751053397034	0.662304161228009	0.575863057726003	0.660456177661289	0.35598054073219	0.450192038286033	0.682100662810258	0.473522298304125	0.935340362809441	0.344346748551673	0.401173489740043	0.816696901991625	0.710234667812165	0.982167991694442	0.515145415077954	0.537724085959146	0.528187170866467	0.533477315125674	0.412161038908511	0.465320687382648	0.63115954750339	0.454801405619378	0.384469162216375	0.319224848332386	0.724488421991903	0.656335707758342	0.581307594945502	0.608047797534026	0.372454572707759	0.922723859856534	0.770328252195916	0.638077189884181	0.852249390309146	0.455157503515404	0.440686732352543	0.887796114326258	0.517108690431934	0.394295591422358	0.406970987746885	0.998789915479798	0.751059059866977	0.5983210810632	0.920103792725941	0.556402856537103	0.593910683066267	0.537500681519043	0.95022048474143	0.930440024562026
"Disease10"	0.565214249297098	0.987066191633623	0.891049056085419	0.580417171378713	0.741925523342673	0.469710650831076	0.669646885573907	0.406737831604337	0.665066724424556	0	0.693261231998725	0.664200260037451	0.955938112425533	0.767852396664546	0.656099293391865	0.572371147211992	0.789781067516205	0.826759703537522	0.472481470058107	0.709543852849805	0.911214087740429	0.796528688675308	0.565928282663254	0.659945376274746	0.692643205451864	0.634230473128348	0.752717423580848	0.424207014825011	0.952229099176671	0.623212661963581	0.512252742563437	0.886591222956448	0.711703014593854	0.980493598736814	0.711708284722716	0.578776258449583	0.857919316091169	0.708032721614887	0.650691967132279	0.524405515245979	0.794537749767385	0.462542692621433	0.565829664454183	0.527111089745315	0.634397819802744	0.808767248157295	0.441843212598898	0.759118779436727	0.677782037720751	0.907358205553949	0.787340139202812	0.693674839154214	0.9489066551345	0.592360385646365	0.503783083598049	0.909511422696647	0.447283956971449	0.631792629522885	0.564831488415141	0.995368619599501	0.754961840232686	0.461599793385433	0.887653338440166	0.453897687513671	0.689893671166077	0.57499161862703	0.958424156561714	0.910591971784083
"Disease11"	0.480830096056652	0.952295647040278	0.916396118963886	0.657287645395916	0.719735373315031	0.676645746055482	0.722872783009372	0.772292373128936	0.685771951770096	0.693261231998725	0	0.68726671621327	0.930856401598402	0.640422203570349	0.749790614080191	0.765105322708927	0.798090655054145	0.77162681799792	0.738442856755031	0.738202224569982	0.881535932261917	0.8105051133205	0.637411505259758	0.739085245990057	0.750750939130708	0.704060228819882	0.758284847320921	0.635091063303537	0.895846165008552	0.695434709724797	0.657856913879738	0.74810673798735	0.774380590382169	0.943353036554133	0.781331301137457	0.625660521108884	0.712251853961725	0.795123004953055	0.683291096650175	0.655974001709247	0.843743887322018	0.730080573517248	0.706729253779681	0.652704068624841	0.618117714033672	0.857671481811071	0.643538477380564	0.871099671886543	0.698650926905494	0.936714383212262	0.805223177315335	0.831504085604611	0.938943876641791	0.762843045522152	0.723737363040307	0.881115408634777	0.712932835414698	0.712772955935199	0.567427859429569	0.955342711567622	0.867320299289207	0.515530394380443	0.875263674258648	0.745903671558193	0.68559291728872	0.847646012754911	0.918488150166515	0.952474414695011
"Disease12"	0.62190427630978	0.985485139718645	0.868864207670143	0.525073439417923	0.626082268813593	0.534725733586859	0.683125646770328	0.518176585653192	0.593942826328678	0.664200260037451	0.68726671621327	0	0.953127442871206	0.761304322605773	0.691910237515242	0.498737911538274	0.752925209185501	0.643050231962901	0.56496757705854	0.652155867699884	0.88740519057559	0.761801157120895	0.679523461381643	0.705150234176719	0.640744857180185	0.487952560803271	0.684583174620733	0.646310369332053	0.924040025460194	0.528713294054235	0.492709304233422	0.663754707240032	0.548833524500048	0.975945619805104	0.576119087044121	0.531028964990529	0.748805919399372	0.660797320696807	0.463361276957251	0.729137405596281	0.72254949506355	0.586541301431702	0.668768266177191	0.563784424880749	0.688076205016993	0.775619354450102	0.71907257272554	0.758766886354724	0.624140307135425	0.75750771892508	0.581410412774894	0.471576940024688	0.903288070860483	0.53128719023843	0.600716701111668	0.886991564216238	0.699103318898785	0.624839965744431	0.587371996709622	0.994115401299206	0.730224323442434	0.685566979354646	0.916351415503556	0.765680820974354	0.596811112881501	0.74734688042802	0.945301418163046	0.545412736537036
"Disease13"	0.965308192375172	0.0824645773913412	0.958430327824021	0.948730423238069	0.965484023362403	0.957734165179677	0.949330830015639	0.947500502295436	0.944005816455875	0.955938112425533	0.930856401598402	0.953127442871206	0	0.75534270749392	0.972995789785788	0.94792564739727	0.807322914178884	0.887805426613321	0.962293320410379	0.956462084427905	0.458391096864772	0.459975635291343	0.947052470606729	0.403698972805033	0.963737896822432	0.962162141831692	0.653416095009997	0.965326346499884	0.0646337786158993	0.930438706449902	0.955416065572669	0.930167436618807	0.953529216151694	0.0740870480589238	0.968025008399975	0.964356599856247	0.970884410787352	0.969188103599749	0.943719452573502	0.968534324545755	0.97557150515327	0.962861286676206	0.9648062910582	0.956662643157072	0.967159714895135	0.966727230108237	0.962831994437806	0.979451444958369	0.952751931483728	0.97215019269527	0.553279976408462	0.960367481539308	0.979590844303774	0.965885662773902	0.960396907940686	0.0820128346967702	0.963042423021575	0.961836215476296	0.961158887593744	0.0855829824091542	0.957619438006788	0.962649212975789	0.971670193016975	0.965961050744958	0.966523735017139	0.963415483014707	0.0588038459196671	0.972464184494797
"Disease14"	0.772641433033247	0.778796072297735	0.924380318141278	0.631528621329222	0.588738840426925	0.756862601379286	0.791237111252997	0.73387336239439	0.68135200663995	0.767852396664546	0.640422203570349	0.761304322605773	0.75534270749392	0	0.613491676318903	0.732897712587595	0.553683896868785	0.811555207267371	0.709636716539492	0.791447805999429	0.719273761072485	0.618340199670409	0.866692576074423	0.627773310988962	0.781111188640263	0.677132707318152	0.637114177409038	0.709476706392474	0.742692330285314	0.724371011699108	0.569069513236715	0.911740023546145	0.76051490187397	0.770554310697747	0.561077959158046	0.785735970813785	0.882622407624706	0.556070318949595	0.741788172363001	0.811958592434742	0.800906284149022	0.676220089824954	0.586999003066508	0.701065296347394	0.805383609036319	0.851858691349746	0.74588824967157	0.639657937446592	0.565105839449869	0.951403797709756	0.700937429072223	0.579292913563141	0.984755599926578	0.596537646688532	0.733623034890351	0.724645977513357	0.663657793977705	0.685854698038031	0.65971512884229	0.784611778336208	0.843087483611812	0.778431814915109	0.923374033738624	0.7145574638177	0.793621227024216	0.736917936616101	0.756237045380857	0.955162909315119
"Disease15"	0.599913746013532	0.997220737622655	0.906311804847214	0.721809595991328	0.394574878621212	0.714897623319916	0.756048684230082	0.559744398971698	0.597720009228251	0.656099293391865	0.749790614080191	0.691910237515242	0.972995789785788	0.613491676318903	0	0.709238384673438	0.54174394308589	0.839604889612454	0.516360298734466	0.680998057244612	0.919743201481171	0.663377884715826	0.738214291960851	0.804738130312241	0.557084233127275	0.562554997746223	0.822686534676791	0.503972747441716	0.953871366676762	0.579445504459926	0.473430808413982	0.935670084073665	0.763844394105529	0.990192273618847	0.319025318304247	0.724633011491038	0.823522441967238	0.464606484469747	0.618563154330104	0.454070921227877	0.619152255427239	0.668400887820725	0.51928570192661	0.49736520326277	0.60182013018863	0.639130950509948	0.53595785906384	0.533825647532636	0.372010748893753	0.939857501723164	0.870139900269217	0.501452208226567	0.9426475858531	0.478437963877835	0.619950888521191	0.918844719016307	0.371562658756176	0.451979986191938	0.456743478526125	0.999105344044133	0.809284359561254	0.655177245508773	0.905096200085078	0.502164074098978	0.796371690208821	0.558166501097651	0.966003244995011	0.947728821399017
"Disease16"	0.688212890635939	0.983444854075406	0.847311031672151	0.668260525331722	0.65184633740615	0.641615039225249	0.631171664938353	0.535191518219648	0.531157178484086	0.572371147211992	0.765105322708927	0.498737911538274	0.94792564739727	0.732897712587595	0.709238384673438	0	0.675047366953718	0.456005689081775	0.527732090098874	0.614410070086014	0.885472482897285	0.717212711835929	0.634497323346445	0.619400457229557	0.619967637999651	0.648760032621238	0.71159635518509	0.587583539170776	0.929525659487859	0.362010448010832	0.506098141267031	0.553201444492401	0.386508141681166	0.974006711043173	0.66077425538364	0.358292498175737	0.821084128774124	0.68464662369125	0.673183972895145	0.601352540557548	0.753613142306112	0.558588605506449	0.565999102866703	0.511956387291691	0.794446673468617	0.72540622661492	0.609500732100512	0.728510221968968	0.604359132885163	0.714141644672308	0.591488796255856	0.453149487443026	0.917005139276875	0.608615970804041	0.568196874589298	0.889485797471772	0.564581907366127	0.600682588200694	0.59226387265546	0.992122720356588	0.736108249865665	0.649990764953461	0.920435487864561	0.62173050932441	0.749286904719323	0.590192611310846	0.946874826177015	0.606683222696127
"Disease17"	0.798586320833934	0.823004672908969	0.902628863124541	0.779305633850964	0.587739562659346	0.79558084300775	0.698773145963307	0.591698348289673	0.587413373157106	0.789781067516205	0.798090655054145	0.752925209185501	0.807322914178884	0.553683896868785	0.54174394308589	0.675047366953718	0	0.713602896434079	0.485937762942351	0.599687428469237	0.731643773509961	0.390254036661439	0.834586204543971	0.645253671754179	0.502514777212258	0.628045116367604	0.66973990924883	0.718602136873953	0.789358440771573	0.584340991265422	0.613879203225908	0.894755941524278	0.730274126334416	0.816225482656549	0.601189836504609	0.800373497285035	0.7972327667912	0.600969798182274	0.691774922072054	0.64931350545911	0.399201860621394	0.702864841995236	0.676080990239441	0.550840115142612	0.843522792376676	0.345411247116189	0.72475682363036	0.747109790280725	0.495721367804282	0.932045312557746	0.707839456586854	0.687231268176016	0.938344219704941	0.627406579173252	0.655773664101169	0.753135575314054	0.638873464937674	0.453492299977804	0.509980033047041	0.831223028238552	0.822238610302186	0.817290571586474	0.931154523722597	0.700572255368384	0.820851331036284	0.507398648496668	0.804968986336264	0.934538922270221
"Disease18"	0.83568477967674	0.909562723503064	0.901214608705463	0.799674125342506	0.80731508979321	0.853207446771518	0.753971409207681	0.756706698085116	0.785789197207634	0.826759703537522	0.77162681799792	0.643050231962901	0.887805426613321	0.811555207267371	0.839604889612454	0.456005689081775	0.713602896434079	0	0.80103843425939	0.776004129551756	0.638725102418164	0.735688783963296	0.815972088671589	0.721935928177877	0.806928070724942	0.811982184086473	0.682198152237817	0.82921539954613	0.873975895942222	0.618693182281536	0.773570824066919	0.489998656809429	0.457882869698379	0.90412976652965	0.816607068765943	0.539110053529853	0.880210797037127	0.845845705948051	0.806189225607565	0.803567946372717	0.837733837808934	0.841307363449528	0.826484603881947	0.781477624560539	0.887151474376741	0.818756499866015	0.830798475202397	0.863512780504052	0.802302976525723	0.735251934198355	0.62356750959118	0.606767862677528	0.932773413992715	0.818828118303596	0.783878871932638	0.840259644548308	0.823635910347815	0.804889254308708	0.786094556935616	0.918217915923504	0.777693403905379	0.855337034506188	0.942048425682207	0.854216257127282	0.858173870026728	0.816592569678593	0.881478583021886	0.596563131280158
"Disease19"	0.651525870337797	0.994337456958916	0.878468182703309	0.646626320749074	0.501915797822159	0.398538355969255	0.640467859171424	0.411916302302063	0.390481986014156	0.472481470058107	0.738442856755031	0.56496757705854	0.962293320410379	0.709636716539492	0.516360298734466	0.527732090098874	0.485937762942351	0.80103843425939	0	0.505340747430911	0.901894974579041	0.521161205163601	0.608915330121444	0.649679890481571	0.31816328705023	0.447410569013286	0.698115655485564	0.360304671538878	0.935811309071558	0.42915818975315	0.384843683575038	0.888156054817606	0.703855566893375	0.986204846739174	0.489760182852302	0.586871704351602	0.691028411806038	0.557455616214219	0.469263935400758	0.362485869298023	0.473061485453479	0.307598538054162	0.4119373221438	0.226620473078811	0.698687931269796	0.503035720409968	0.408755470364581	0.684889639063773	0.359601538159567	0.936422132216712	0.782880279473957	0.636250032038895	0.88937324934793	0.457939485596764	0.380090024303525	0.888679693166377	0.362094888060563	0.291647710577743	0.347459681774008	0.996678510015248	0.746729264359954	0.523725339699174	0.909545681859676	0.434107120991813	0.656701940646081	0.299377939554351	0.949946365658635	0.940964193807788
"Disease20"	0.60714256248125	0.985263196282434	0.871151453472233	0.774451419298408	0.566970566340105	0.680567799510978	0.607738301124227	0.527823840613774	0.51291226891204	0.709543852849805	0.738202224569982	0.652155867699884	0.956462084427905	0.791447805999429	0.680998057244612	0.614410070086014	0.599687428469237	0.776004129551756	0.505340747430911	0	0.897689356545254	0.633084278336011	0.720151995025007	0.762889568930601	0.495255262150251	0.575802000968072	0.762813263971321	0.641175464016167	0.930489421656093	0.558667569879448	0.628895480509709	0.827294123025214	0.755603967399519	0.978492913777566	0.664944574692978	0.693945897407743	0.637298145893365	0.719602986528959	0.5094005972631	0.592745356313425	0.614199330607944	0.669069613205381	0.593608886047883	0.45479008027913	0.802568777689646	0.62914439919551	0.727745534209637	0.753486036373612	0.555492062028698	0.932608830911381	0.817817681388205	0.755003744396459	0.841314093361648	0.502578996048077	0.45487652136846	0.892532524755076	0.69911189420046	0.449686278182615	0.508610045954767	0.993619276266308	0.816644992548628	0.715577104765297	0.941971825427858	0.784968039575105	0.677610808824414	0.66457448190247	0.951978093552033	0.926449601605416
"Disease21"	0.882447767207849	0.474843151977879	0.927177224767605	0.902662988699547	0.906317220677521	0.91145010790932	0.858317690708761	0.894470894511756	0.89751053397034	0.911214087740429	0.881535932261917	0.88740519057559	0.458391096864772	0.719273761072485	0.919743201481171	0.885472482897285	0.731643773509961	0.638725102418164	0.901894974579041	0.897689356545254	0	0.408584580602416	0.863348237728178	0.379109826027924	0.906352852387046	0.897541474290181	0.497479499807301	0.90950961039029	0.443701559293907	0.881232122374656	0.850193768459833	0.889347090570594	0.874784302522302	0.468739136457984	0.914809186941845	0.911227401827111	0.931837435137804	0.916707676701191	0.901843266115061	0.908901946294941	0.916815001595346	0.90587335643616	0.910032366738602	0.886083374519693	0.92033000461295	0.909658157405364	0.908122133635901	0.933590929017679	0.902802866166538	0.928606568875493	0.49726818204196	0.920718827368954	0.9731040144463	0.908071699382938	0.895382401472238	0.414083715375628	0.905117018416503	0.907013227049838	0.897248688816146	0.483374260324843	0.891500538729985	0.879233366075093	0.942925887047044	0.917519277728097	0.893832320591495	0.914467932080046	0.459259641010748	0.946258960337382
"Disease22"	0.821299812083478	0.491312740723841	0.902087740098308	0.806590410059257	0.698784910018857	0.784095697381007	0.716806778831864	0.610486331302365	0.662304161228009	0.796528688675308	0.8105051133205	0.761801157120895	0.459975635291343	0.618340199670409	0.663377884715826	0.717212711835929	0.390254036661439	0.735688783963296	0.521161205163601	0.633084278336011	0.408584580602416	0	0.820599833823513	0.288951593222667	0.528551727293298	0.719933666391843	0.507812543069904	0.746807638912426	0.445849571320832	0.639274225515643	0.701111019810317	0.908119764580547	0.779777611014133	0.483580586053453	0.693092821962507	0.802084842254023	0.792623446373969	0.739050444594263	0.712358659212977	0.653802064644348	0.561520133911521	0.766401674363812	0.754131745713591	0.581011067675489	0.85689343929464	0.554265169333543	0.715330405970002	0.857254634113195	0.578942972021564	0.949789962815311	0.451500296127836	0.80364185724345	0.942613339038161	0.708372703104384	0.654002393170023	0.404403134103144	0.722072944787353	0.532769571705487	0.555982520373152	0.492966431566633	0.829933590399505	0.803881904391438	0.928676297243874	0.779435879557424	0.833654654319017	0.584488735937953	0.455246498248316	0.945776068774912
"Disease23"	0.553259536323729	0.986763383559428	0.870441428041519	0.781403753045324	0.696587868977768	0.56342085499612	0.6280129214439	0.712414212878174	0.575863057726003	0.565928282663254	0.637411505259758	0.679523461381643	0.947052470606729	0.866692576074423	0.738214291960851	0.634497323346445	0.834586204543971	0.815972088671589	0.608915330121444	0.720151995025007	0.863348237728178	0.820599833823513	0	0.615194436241919	0.680932041191983	0.744691390197492	0.687774882010126	0.479119277318653	0.928374993776245	0.536177376971915	0.58442856256855	0.769412936073014	0.768530848886736	0.979267272376216	0.783014671345417	0.514672688444609	0.724320451370759	0.820604819797542	0.693555180754442	0.471165956757837	0.846575760385144	0.637344113303246	0.562860564599094	0.535567777808255	0.706791706327053	0.804542465221372	0.57012980709667	0.808294137971362	0.698665513497627	0.880489214906669	0.718528793598935	0.801930146288052	0.926160454724972	0.738204920160665	0.64853134877741	0.886517818200248	0.554824871102037	0.69906842538354	0.582367263884204	0.995095640878123	0.786094761703786	0.448180718732767	0.895758641438216	0.602812604925549	0.695971574776321	0.70689982607706	0.946324495769287	0.89226690484873
"Disease24"	0.735101082287622	0.431584011694115	0.87908231401287	0.765830233942476	0.761894459507134	0.669532959090489	0.772947966351548	0.703590220301423	0.660456177661289	0.659945376274746	0.739085245990057	0.705150234176719	0.403698972805033	0.627773310988962	0.804738130312241	0.619400457229557	0.645253671754179	0.721935928177877	0.649679890481571	0.762889568930601	0.379109826027924	0.288951593222667	0.615194436241919	0	0.691536104187805	0.75741153945653	0.449801718294082	0.644962293795799	0.377657075547545	0.586056054199708	0.613413384854222	0.799241561885005	0.732945319107067	0.423367573351781	0.779439250777372	0.63162558244583	0.83661873509482	0.797847389162533	0.734064180815973	0.668118354886733	0.830703889552013	0.674034963489364	0.674888517294167	0.617063256952116	0.788847916561225	0.787539472783187	0.665320350838987	0.817631893549105	0.7077655111181	0.892061629818602	0.332688389847146	0.780071327836786	0.944389209821966	0.732743514660529	0.63555991770306	0.332006487045276	0.670775186236873	0.70140795502062	0.667673769365064	0.440058672317003	0.782415178413216	0.645470353987896	0.886828648400183	0.714535034749378	0.774346756907802	0.728834979159706	0.391942382023452	0.89408780359272
"Disease25"	0.640236503573124	0.998578396307649	0.874863832468779	0.683593800348683	0.562108814902386	0.66316681058637	0.651634345375835	0.492974206421497	0.35598054073219	0.692643205451864	0.750750939130708	0.640744857180185	0.963737896822432	0.781111188640263	0.557084233127275	0.619967637999651	0.502514777212258	0.806928070724942	0.31816328705023	0.495255262150251	0.906352852387046	0.528551727293298	0.680932041191983	0.691536104187805	0	0.440794371109111	0.683151832611475	0.599173201444265	0.93965733844836	0.45200512368138	0.510361840243518	0.885277414483782	0.737590817111252	0.990648091962726	0.590501540192736	0.637177135241328	0.661193386462209	0.616851527584907	0.428730770737195	0.500877993159031	0.495592081293594	0.56717513088977	0.587714550492198	0.305792803929028	0.74442106590901	0.459799064066148	0.606130732140928	0.666278711546261	0.416306341136969	0.93809344758301	0.789011745931538	0.730090211629427	0.81839148640649	0.512504276014402	0.410391919631936	0.891796819637365	0.601033231896414	0.300173113220309	0.317841239599198	0.998939337326866	0.765922995512389	0.668425164022386	0.892948396356926	0.651058699157967	0.625481188311362	0.507848689349592	0.955563622340221	0.943164782448399
"Disease26"	0.589051627636385	0.995796589701944	0.883520029121924	0.551112578067808	0.52439802030782	0.535839557077354	0.675935435515362	0.464497738093152	0.450192038286033	0.634230473128348	0.704060228819882	0.487952560803271	0.962162141831692	0.677132707318152	0.562554997746223	0.648760032621238	0.628045116367604	0.811982184086473	0.447410569013286	0.575802000968072	0.897541474290181	0.719933666391843	0.744691390197492	0.75741153945653	0.440794371109111	0	0.713648541724084	0.585520835810006	0.93554509009955	0.586400271969147	0.371767227969395	0.896621587796027	0.712649491032586	0.987620972689119	0.468193294394866	0.668053712621317	0.734786512822377	0.505877961655881	0.326480307258424	0.669586619322236	0.64180913286613	0.451565604383263	0.548455951254371	0.43105473789075	0.652371545801253	0.701340978934659	0.662396445376458	0.556160677463973	0.499594043752389	0.92707187240692	0.83251271305571	0.490251698711783	0.848559325503111	0.317679909747283	0.432142409349198	0.897367098524553	0.591697222279152	0.407340132212285	0.452691286240079	0.998601100785198	0.747442700909085	0.677126956528231	0.919731809955795	0.649664068258464	0.580114177267924	0.636015870293262	0.953970845962858	0.939757587488344
"Disease27"	0.713926705943217	0.693777571583448	0.879457016959248	0.754392091786103	0.759394961022288	0.749842768262438	0.750868311688731	0.71161398151464	0.682100662810258	0.752717423580848	0.758284847320921	0.684583174620733	0.653416095009997	0.637114177409038	0.822686534676791	0.71159635518509	0.66973990924883	0.682198152237817	0.698115655485564	0.762813263971321	0.497479499807301	0.507812543069904	0.687774882010126	0.449801718294082	0.683151832611475	0.713648541724084	0	0.730644901506324	0.641359546249395	0.690222862215199	0.677896302748018	0.806614949140292	0.743705319193575	0.683864214834582	0.781386901894933	0.704206806354175	0.796599634547124	0.793545661889781	0.707986080369924	0.751248569717094	0.822911258289798	0.737165012723328	0.73708830159231	0.653615187219676	0.794649813263885	0.792710858619213	0.771669891282449	0.826560126895971	0.717981307093867	0.896056809444559	0.470354482928097	0.795006429341672	0.899295967752711	0.741132172243199	0.708350067049049	0.592185987714441	0.754657490088594	0.718818839773112	0.688680724307878	0.697752006590209	0.743733933027534	0.701176944422367	0.900130843505236	0.800204098141587	0.713525268287785	0.798310210932467	0.651335150436303	0.911972983151016
"Disease28"	0.491573229668695	0.998421215221351	0.883782125618969	0.689540966199133	0.559646626534874	0.329090616262036	0.757243212512614	0.613644172505857	0.473522298304125	0.424207014825011	0.635091063303537	0.646310369332053	0.965326346499884	0.709476706392474	0.503972747441716	0.587583539170776	0.718602136873953	0.82921539954613	0.360304671538878	0.641175464016167	0.90950961039029	0.746807638912426	0.479119277318653	0.644962293795799	0.599173201444265	0.585520835810006	0.730644901506324	0	0.936001557351767	0.478219232526919	0.446437421351981	0.853025141712802	0.728567089313326	0.98908753604796	0.577095855208536	0.514553720741252	0.719662074385947	0.668794075439997	0.607578943242654	0.272579958680028	0.727683390918523	0.344129926397183	0.354266029764675	0.373148686095027	0.564187742823786	0.732754519878411	0.280143120892508	0.748445607458722	0.528252406345425	0.940625880871466	0.786709601092698	0.664114137055171	0.952090935591942	0.54832591924723	0.546078178961095	0.892279167805379	0.178998026903499	0.506340253789094	0.449969575204825	0.998972211761118	0.797466882799797	0.360416320727624	0.888702852630773	0.265975669236386	0.703049036514443	0.40811447010894	0.953109101722589	0.945343552556123
"Disease29"	0.93819661938811	0.0750499886071415	0.93806381268931	0.951285009311059	0.926540457696952	0.935564254834033	0.939510404715939	0.941888922073111	0.935340362809441	0.952229099176671	0.895846165008552	0.924040025460194	0.0646337786158993	0.742692330285314	0.953871366676762	0.929525659487859	0.789358440771573	0.873975895942222	0.935811309071558	0.930489421656093	0.443701559293907	0.445849571320832	0.928374993776245	0.377657075547545	0.93965733844836	0.93554509009955	0.641359546249395	0.936001557351767	0	0.919408000160588	0.931829485045554	0.91080766713896	0.929539546761048	0.0677819093706031	0.942121873950816	0.934468076536708	0.946133899964346	0.958879661898944	0.929780276026737	0.937017673932842	0.960527731626868	0.937345047075841	0.936710911349936	0.935410350732678	0.958089216320303	0.951007501027849	0.949996797739361	0.960860778075019	0.938097014655179	0.964066762331189	0.519689702085196	0.951496569959299	0.985232664822911	0.937556845378479	0.936317661775355	0.062828666226954	0.951089227461591	0.940436104282072	0.934599077630315	0.0767326443540586	0.955417917199341	0.932054314740805	0.958919089316222	0.957027753237762	0.940285358293073	0.951791384851688	0.0427068249176207	0.959919244723136
"Disease30"	0.618879139236209	0.981031728251598	0.853295282805251	0.704257092553058	0.521220883424109	0.593766049073973	0.655066088387082	0.517248196548289	0.344346748551673	0.623212661963581	0.695434709724797	0.528713294054235	0.930438706449902	0.724371011699108	0.579445504459926	0.362010448010832	0.584340991265422	0.618693182281536	0.42915818975315	0.558667569879448	0.881232122374656	0.639274225515643	0.536177376971915	0.586056054199708	0.45200512368138	0.586400271969147	0.690222862215199	0.478219232526919	0.919408000160588	0	0.43657578378458	0.663706615780142	0.510424259054763	0.972102812424788	0.580884661869624	0.417381638015897	0.659137097844113	0.645350290180336	0.549711072584031	0.435821082773787	0.666433158273897	0.553444554585673	0.496284661209046	0.349531779334094	0.741519421662501	0.621088671690918	0.568659920730999	0.69695386784747	0.438968718881506	0.768356532828857	0.605653377484653	0.551096956362964	0.895754483421533	0.560904152351407	0.482119034382559	0.879960056387506	0.498374683177252	0.444475671649544	0.432313498123431	0.989562480298644	0.72990544643235	0.592447760006603	0.883531667593355	0.586321384447297	0.681425900237511	0.526046211077463	0.940546501690766	0.779721877608489
"Disease31"	0.574529396338143	0.984753500101155	0.879976201288873	0.517536314130017	0.484139686452306	0.450511017492258	0.633514813174564	0.448455393812331	0.401173489740043	0.512252742563437	0.657856913879738	0.492709304233422	0.955416065572669	0.569069513236715	0.473430808413982	0.506098141267031	0.613879203225908	0.773570824066919	0.384843683575038	0.628895480509709	0.850193768459833	0.701111019810317	0.58442856256855	0.613413384854222	0.510361840243518	0.371767227969395	0.677896302748018	0.446437421351981	0.931829485045554	0.43657578378458	0	0.858448728647458	0.653523088711663	0.976676241714827	0.394091724779114	0.576365214292814	0.765479921393762	0.500731985075227	0.4474804346425	0.534128693140781	0.677869834596934	0.415673736783684	0.441170322514529	0.366584725549729	0.669440748528713	0.693337437224017	0.488463248999155	0.613568689393334	0.381481026364596	0.895700187595633	0.765327420083084	0.454418714993117	0.911474470690414	0.31909371778858	0.417469988729903	0.885833305619676	0.400842863581327	0.439442465772846	0.426393017249518	0.992414129043316	0.710655344877516	0.524449911949702	0.884373863460796	0.50080490733671	0.585961584048509	0.526217604526412	0.946666665954368	0.920588760865522
"Disease32"	0.792309878243052	0.951005086538201	0.936032092416793	0.826113568720333	0.841440706308075	0.823088240218401	0.855803972078736	0.882320612022223	0.816696901991625	0.886591222956448	0.74810673798735	0.663754707240032	0.930167436618807	0.911740023546145	0.935670084073665	0.553201444492401	0.894755941524278	0.489998656809429	0.888156054817606	0.827294123025214	0.889347090570594	0.908119764580547	0.769412936073014	0.799241561885005	0.885277414483782	0.896621587796027	0.806614949140292	0.853025141712802	0.91080766713896	0.663706615780142	0.858448728647458	0	0.3424864067469	0.94599792764417	0.910849956826651	0.512507744135487	0.827188063339605	0.929725639148879	0.850426478181583	0.836702457685409	0.956026736744657	0.899790781441637	0.845301298362065	0.838952462522021	0.889323417550598	0.930330652177651	0.922631717252648	0.899600798198732	0.882808017217708	0.743332603889937	0.636521292742184	0.672921330996083	0.961540009251855	0.912693734652552	0.881856344860833	0.903769176372321	0.922840637773094	0.901175525066501	0.856131857573055	0.95941019528713	0.856136205633315	0.82987547937263	0.939418287707338	0.936047669053654	0.851542290226619	0.946260840215143	0.923234189181093	0.588682395406418
